53643.4670059257 15.886561 0.0546146347901667
53643.4703514003 15.904114 0.05465494182736
53643.4737378587 15.872503 0.0545253444766538
53643.477129641 15.865005 0.0545022307176212
53670.4626767938 15.733815 0.0546703355100712
53670.4695419562 15.712204 0.0545041472303712
53670.476216597 15.753814 0.05466228023514
53670.4831515625 15.711734 0.0546723508585078
53699.4503645832 15.757355 0.0547104205161875
53699.4573035995 15.762076 0.0547785527897753
53699.4641491897 15.746991 0.0547792145260271
53699.471037847 15.750273 0.054773108643375
53706.3836446065 15.742991 0.0551919117899794
53706.3909749421 15.747223 0.05548143085847
53706.3982709027 15.73187 0.0550177504761831
53706.4055868867 15.738902 0.0549433166432591
53729.3802255672 15.77508 0.0551221103880595
53729.3862077082 15.73989 0.0549627644196133
53729.3922342938 15.740491 0.054952341882809
53729.3982375115 15.746191 0.0550496731227493
53739.3554838542 15.754203 0.0549163813571811
53739.3628874654 15.76898 0.054946619205082
53739.370284236 15.77923 0.0550098674480279
53739.3776774188 15.759675 0.0549278994805912
53745.3010467244 15.7581 0.0549551532913748
53745.3075722917 15.749902 0.0549102705396938
53745.3140902198 15.748814 0.0549678729856206
53745.3206027085 15.748626 0.0549131646797221
53756.2545729627 15.756297 0.0545535571375515
53756.2612583682 15.799657 0.0543140177792777
53756.2679796529 15.777241 0.0566176095134467
53756.2746631017 15.745407 0.0541521857782206
53771.1903662267 15.797852 0.0569691707041925
53771.1986611807 15.775954 0.0562648422412168
53771.2072576503 15.79741 0.059184367639148
53771.2158784261 15.827663 0.0595394084333659
53786.1612972569 15.821968 0.0540196013528556
53786.1695594558 15.839861 0.0540834681346261
53786.178099213 15.826381 0.0540991727319052
53786.1865512266 15.804669 0.0539877778242243
53817.1235826272 15.773839 0.05529264627111
53817.1294021527 15.769622 0.0556609135607288
53817.1352793169 15.801193 0.0554658476808461
53817.1410890045 15.778027 0.0559825109451817
53845.1188456711 15.621252 0.0581999607215848
53845.1253376735 15.686737 0.0571486574377005
53845.1316881251 15.721742 0.0572822232882125
53845.1380150692 15.724736 0.0576299655721592
54003.4795435187 15.815145 0.055541223961329
54003.4836629862 15.815518 0.0555004672218001
54003.4877626621 15.818276 0.0555093360711965
54003.4920305093 15.801636 0.0554068442220433
54025.4358366784 15.857895 0.0556967305613585
54025.442536551 15.837318 0.0556284153840053
54025.4493035646 15.848842 0.0556671933688754
54025.4561197683 15.851384 0.0556151051473604
54036.4036076157 15.855155 0.056526975355702
54036.4129692707 15.824616 0.0562603373838298
54036.4221964353 15.839769 0.0565430336723711
54036.4314538078 15.824874 0.0573381219537893
54052.4420538195 15.863149 0.0570240276735945
54052.4466032754 15.865339 0.0562851096623883
54052.4512025002 15.857165 0.0556780834849663
54052.4557581018 15.884652 0.055777941164933
54070.3477734723 15.782702 0.0552627711907484
54070.3534206599 15.828192 0.0554551293126812
54070.3590745488 15.754493 0.0551290460014608
54070.3647270487 15.770625 0.0551734784771033
54081.3264015047 15.772773 0.0552219360164715
54081.3361429167 15.82031 0.0554312326588436
54081.3458349076 15.80997 0.0553487440923253
54081.3590036342 15.792453 0.0552727244532808
54108.4065764584 15.811998 0.0557680016339091
54108.4129597801 15.833871 0.0558764740938627
54108.4180283449 15.824631 0.0558137364660986
54108.4230918288 15.833894 0.0558957936607507
54127.1736242478 15.844675 0.0556964228482727
54127.1810077201 15.919902 0.056070824171772
54127.1883893288 15.858876 0.0558693132665879
54127.1960807871 15.82503 0.0558316938400346
54137.2657730556 15.923188 0.0560411674878315
54137.2752697915 15.938061 0.0560389439753675
54137.2847654745 15.939183 0.0559604173828537
54137.2943256367 15.968516 0.0561516554676372
54144.1960210531 15.957791 0.0573871799431235
54144.2041921644 15.960962 0.0619626870249829
54144.2124344558 15.947235 0.0572793129710314
54144.2206831133 15.944689 0.0576081121689242
54153.2129099304 15.955963 0.0561617242430936
54153.2190025002 15.956752 0.056184454376361
54153.2250090623 15.949543 0.0561464719183866
54153.2310836921 15.942188 0.0561083862492058
54168.2233154629 15.912493 0.0549290212669685
54168.227740706 15.919511 0.0549436564207704
54168.2321994212 15.895218 0.0548500529615131
54168.2366542015 15.923823 0.0549679779833315
54180.1516429861 15.925791 0.0549911850637317
54180.1572907409 15.926365 0.0549920189207788
54180.1629199768 15.928102 0.0549956173214597
54180.1684903125 15.94317 0.0550521096374853
54201.1541450927 15.939739 0.0552405866045134
54201.1603110302 15.925307 0.0551706063815985
54201.1664987383 15.91118 0.0551425553067865
54201.1726632984 15.90323 0.055145745760805
54208.1642678124 15.894851 0.0549892238327886
54208.1704102662 15.903588 0.0550829237902766
54208.1765667247 15.869466 0.0549999456399285
54208.182666007 15.812992 0.0550689414076902
54380.4890944907 15.807305 0.0546706539457965
54380.4949417939 15.809057 0.0546799973854476
54380.5005537961 15.812064 0.0546923226166405
54380.5061030556 15.792675 0.0546132101715642
54408.4426950347 15.762781 0.0545857711669603
54408.4514352661 15.76469 0.0546007914725751
54408.4602560415 15.769922 0.0545958534221679
54408.4690632871 15.769347 0.0545968242377046
54415.403338009 15.758779 0.0545975911437919
54415.4105963539 15.75262 0.0545599873283417
54415.417697859 15.757098 0.0545737106816564
54415.424939537 15.742386 0.0545233712238885
54495.2074464466 15.860582 0.055020440989172
54495.2189160418 15.849952 0.0549789638058458
54495.2297104513 15.844793 0.0549326719738621
54495.2375528934 15.865238 0.0550137465605793
54509.1739057987 15.882957 0.0554507065820656
54509.1806551041 15.876247 0.0558114188078857
54509.1873846063 15.880385 0.0552353013071319
54509.1942359954 15.86649 0.0551247920246742
54520.1466183215 15.88101 0.0552916474141215
54520.151588507 15.863023 0.05591143090253
54520.1567187733 15.86571 0.0552339752362111
54520.1617376851 15.842202 0.0556541405561257
54532.1877301852 15.869921 0.0551379797976877
54532.193252014 15.856533 0.0550974992227667
54532.1987678241 15.838455 0.0550078622586
54532.2042960185 15.866821 0.0551141639864249
54538.1503716204 15.839038 0.0550626713389314
54538.1575723263 15.843757 0.0551360745980918
54538.1647395832 15.887886 0.0562918360239515
54538.1718681711 16.027041 0.0597038965242173
54551.1979001504 15.847587 0.0552033116660036
54551.2062644446 15.834346 0.0551306722611989
54551.2146379859 15.84539 0.0551358631058158
54551.2230350231 15.855227 0.0552621893306567
54567.1257875692 15.855055 0.0548524542730193
54567.1302811229 15.843827 0.0548294969053837
54567.1347492128 15.854303 0.0548404706851326
54567.139259317 15.85096 0.0548151344629208
54581.1578772455 15.78974 0.0551759048240603
54581.1635453706 15.791006 0.0551781060853207
54581.1692101504 15.801187 0.0552901470092707
54581.1748728356 15.804068 0.0553532636172983
54730.4687278937 15.79417 0.0551272468402612
54730.475504051 15.796245 0.0551314486560984
54730.4823321761 15.82905 0.0551957057700843
54730.4891556711 15.814478 0.0550934692521483
54763.4180998961 15.784419 0.0549048212106795
54763.4230796876 15.79555 0.054931433418254
54763.4280560184 15.766848 0.054793113795328
54763.4330819906 15.786582 0.0548853997442078
54778.3775979513 15.766487 0.0547664290236376
54778.3844302432 15.736834 0.0546770780840838
54778.3910610187 15.755785 0.0547593302403067
54778.3978802315 15.749952 0.0546871767045801
54789.4558822685 15.762149 0.0548067732109887
54789.4615123146 15.748985 0.0547577404216832
54789.4671678357 15.74841 0.0547325922997127
54789.4728939468 15.766071 0.0548070348167764
54804.3226613309 15.747257 0.054708168198356
54804.3302857755 15.723023 0.0549020161561137
54804.3379149651 15.726798 0.0548092628136806
54804.3455108218 15.727093 0.0546753930335674
54821.4293855093 15.6875 0.0545135395222617
54821.4348162385 15.696871 0.0545325380135388
54821.4402850578 15.688188 0.054503511450016
54821.4457470486 15.694577 0.0545381473538907
54847.2211524307 15.667966 0.0544961989713356
54847.2275907294 15.647434 0.0544089666103061
54847.2340376967 15.670354 0.0544498619482727
54847.2404947452 15.670478 0.0544626012594153
54863.1935324306 15.691352 0.0549589183207618
54863.2009859257 15.683333 0.0549575564519587
54863.2083168402 15.692804 0.0549663725981454
54863.2156297108 15.692591 0.0549740536526318
54876.2580502201 15.699107 0.0549586515921888
54876.2652795138 15.684043 0.0549048947451976
54876.2726102085 15.70797 0.0550069930309371
54876.2799466783 15.710128 0.0549987965723765
54888.2161713196 15.668464 0.054873778285292
54888.2202056018 15.675541 0.0549089980281003
54888.2243227544 15.708365 0.055045389614133
54888.2284264816 15.701561 0.0549873704424212
54907.1741390508 15.666934 0.0547561729038684
54907.1822793749 15.744206 0.055063662742333
54907.1904889122 15.76206 0.0551550777162704
54907.1987014469 15.680916 0.0548095625915994
54907.2094615279 15.645443 0.0548124421982856
54907.2176769674 15.646414 0.0548120001043398
54907.2258329168 15.637476 0.0547984469756369
54907.2340502082 15.646006 0.0548467456483893
54918.1173057756 15.641095 0.0548143368348317
54918.1234687036 15.652229 0.0547891381720119
54918.1296356944 15.645991 0.0547666322892362
54918.135805347 15.628167 0.0547187950338276
54965.1519383215 15.745978 0.0559062283683634
54965.1588939931 15.759468 0.0559760138157284
54965.1657851967 15.738186 0.0559336672137267
54965.172745266 15.749918 0.0560195015097839
55096.4808435184 15.540223 0.0547050315270146
55096.4849356711 15.514059 0.0546165526477929
55096.4893017826 15.508304 0.0545701835082014
55096.4934961344 15.51907 0.0545944651963539
55122.4491360416 15.581438 0.0546919801502808
55122.456618472 15.577804 0.0547056783374554
55122.4642805322 15.566891 0.0546696518028418
55122.4718222222 15.577158 0.054708168198356
55145.4921821063 15.610921 0.0547475905484794
55145.4992236574 15.592175 0.0545300797043162
55145.5052570831 15.616133 0.0546156488213868
55145.5112209376 15.608386 0.0546230604702878
55158.4695320372 15.638575 0.0548132993337542
55158.4758846876 15.636938 0.054823617908885
55158.4821890625 15.647424 0.0548423046640272
55158.4886194905 15.632642 0.0548049937736246
55180.3486574651 15.673079 0.0550665366781633
55180.3544234028 15.630998 0.0549135972076359
55180.3603124884 15.639567 0.054927424173765
55180.3661146411 15.674312 0.0550427436754648
55180.3719286113 15.652069 0.0549681234421454
55236.2168809492 15.56986 0.0547743436749448
55236.2222131942 15.569364 0.0547719815648964
55236.2276096642 15.59127 0.0548480079685977
55236.2329688775 15.587215 0.0548255376802819
55236.2506874073 15.566344 0.0547996137646175
55236.2560470835 15.565984 0.0547846351417683
55236.2614868404 15.598105 0.0548920348012311
55236.2668894562 15.584599 0.0548441564562691
55267.1752155903 15.604629 0.0550385674530107
55267.1822842243 15.61855 0.0551005349332985
55267.1894162963 15.638771 0.0551840795674498
55267.1964804167 15.650429 0.0552676872357769
55291.1930785994 15.534254 0.0550485848859539
55291.1930785994 15.536561 0.0551186347416416
55291.1990147918 15.511844 0.0550478458883029
55291.1990147918 15.531166 0.0550670092081934
55291.205013148 15.50487 0.0550328154431347
55291.205013148 15.538261 0.0550974743236267
55291.2110410067 15.517616 0.0550995408330351
55291.2110410067 15.530897 0.0550815040999718
55483.4623322687 15.488754 0.0540255312831135
55483.4692733563 15.486024 0.0539574924221817
55483.4763051965 15.487926 0.0539567615683888
55483.4833170022 15.494629 0.0539631192453593
55503.4578407405 15.458354 0.0529346077959893
55503.4662661341 15.464231 0.0529462728564132
55503.4747305441 15.45298 0.0529072449977661
55503.4830485302 15.4534 0.0529078916426561
55511.4666532409 15.436644 0.053696357964739
55511.4724446414 15.455435 0.0537491659921858
55511.478219375 15.430662 0.0536707444320741
55511.4839200233 15.445944 0.0537260461032768
55528.4619837267 15.40064 0.0543995888405731
55528.468089375 15.358276 0.0542583534757095
55528.4741991896 15.400049 0.0543912417938962
55528.4803203357 15.397066 0.0544033491494933
55544.4117684956 15.349002 0.0533972666456361
55544.4170678589 15.369222 0.0534528188060603
55544.4223037963 15.357403 0.0534186840166651
55544.4275684492 15.360574 0.0534296997023829
55556.4395359837 15.377329 0.0543943499909893
55556.4460592361 15.390555 0.0544563325090005
55556.4526198728 15.402256 0.0544844496908351
55556.4592847915 15.389104 0.0544496613534237
55564.3210390392 15.380531 0.0536026684868665
55564.3295509028 15.377832 0.0535887058630387
55564.3396130442 15.376499 0.0535830819671013
55564.3490043287 15.381204 0.0536021724776289
55575.3632255094 15.38624 0.0537405051561009
55575.3706631484 15.409186 0.0537789630597696
55575.3781087729 15.402272 0.0537809302437557
55575.3855480207 15.411628 0.0538199284475619
55577.2458875114 15.418112 0.0539389452836986
55577.2545141899 15.426121 0.0539476583994741
55577.2630868056 15.400483 0.0538765615305416
55577.2716590855 15.419745 0.0539542512298481
55578.3107278589 15.419308 0.0539212215266937
55578.3202209952 15.427121 0.053950770941031
55578.3296787269 15.407202 0.0538762299949417
55578.3393036923 15.423482 0.0539563349470003
55589.2628210299 15.418511 0.053739836120426
55589.2709708335 15.447531 0.0538334921595582
55589.2791007408 15.421447 0.0537537035698828
55589.287297315 15.433081 0.053785494082163
55601.2104000114 15.481523 0.0540224877371367
55601.2173325461 15.46481 0.0539784052884893
55601.2243331252 15.450556 0.0539255977619296
55601.2313236343 15.431189 0.0538569001802225
55617.1248627431 15.49197 0.0540397387774266
55617.1318731597 15.492103 0.0540423318195341
55617.1389049999 15.484795 0.0540335987947454
55617.1459172685 15.507888 0.0541151840109158
55628.1103543285 15.499591 0.0549387299835178
55628.1196380905 15.479102 0.0541393048792186
55628.1289710417 15.493997 0.0541400054967179
55628.1382831596 15.487322 0.0541224916937819
55683.1421609144 15.472541 0.0542437831347815
55683.1491058334 15.467515 0.0542156219014628
55683.1561097684 15.463905 0.0542258115499941
55683.163057338 15.475306 0.0542606493401797
55856.4251058563 15.306105 0.0536429316983306
55856.4332913309 15.309911 0.0536247473058326
55856.4415552663 15.286637 0.05352283671164
55856.4496161919 15.275576 0.0534969835061916
55887.4428050118 15.31835 0.053472555163177
55887.4480958218 15.303102 0.0534252121638019
55887.4533441551 15.323204 0.0534820378161119
55887.4586240742 15.304237 0.0534182908225175
55927.3373936573 15.300028 0.0535314152639073
55927.3449106943 15.300168 0.053533625843477
55927.3524963656 15.297454 0.0535220938997896
55927.3600799539 15.293758 0.0534940842091033
55944.2909347452 15.327305 0.0535743565934168
55944.2955832756 15.327683 0.0535794644707903
55944.3002320486 15.325698 0.0535697499535948
55944.3049132293 15.32045 0.0535623905050372
55952.2251986344 15.344033 0.0536426467295992
55952.230377743 15.353547 0.0536701341176505
55952.2356400811 15.340447 0.0536207992709431
55952.2408797336 15.342239 0.0536270383996926
55967.1698261458 15.365192 0.0537866086589596
55967.1786346873 15.314487 0.0540575585863846
55967.1873743632 15.379247 0.0538134248540461
55967.1960994327 15.365875 0.0537757056357926
55981.1567494096 15.34675 0.0536642016615302
55981.1654948378 15.340139 0.0536357255212243
55981.1742347339 15.339905 0.0536379982286485
55981.1829751157 15.34236 0.0536401471538851
55987.2138779052 15.344433 0.0543209099926112
55987.2220150926 15.332446 0.0542775440118019
55987.2301719678 15.333073 0.0542416454402445
55987.2383043054 15.339734 0.0542562013643483
56029.1276902664 15.371627 0.0543196021866329
56029.1363527197 15.381161 0.0541491851722605
56029.145031875 15.40958 0.054488558962091
56029.1536583216 15.403824 0.0568284005061871
56195.5017766552 15.296397 0.0540710689632226
56195.5051278123 15.279087 0.0540039549605156
56195.5084525808 15.270496 0.0539763590190997
56195.5118062846 15.285284 0.0539732000757045
56220.3878371413 15.29463 0.054098858896824
56220.3963891319 15.275405 0.0540130516496763
56220.4049832639 15.275557 0.0539957257170726
56220.413552199 15.286733 0.0540566199050767
56244.4369407524 15.247425 0.0537451630021467
56244.4439706248 15.25257 0.0537415877509806
56244.4510102198 15.24126 0.0537142807089658
56244.4579821182 15.246768 0.0537199403241063
56251.4557273495 15.241513 0.053682344904654
56251.4615800926 15.253339 0.0537178983341901
56251.467458426 15.236013 0.0536726408508575
56251.4733369793 15.236291 0.0536667006868452
56269.4667070024 15.262177 0.0537484571593042
56269.4719855441 15.26069 0.0537543909816723
56269.4772991897 15.263447 0.0537801079341307
56269.4826621413 15.269241 0.053790044474875
56282.429036574 15.267102 0.0538464632123242
56282.4348063427 15.259577 0.0538194883633125
56282.4407082871 15.264927 0.0538358950098097
56282.4466366205 15.272516 0.053848164319907
56295.4438235648 15.275926 0.0539082249835967
56295.450755382 15.264866 0.0538868626486794
56295.4577696412 15.277391 0.053928296288885
56295.4650856596 15.269321 0.0539230017372344
56304.3914255789 15.290104 0.0539134158270368
56304.3971127085 15.298538 0.0539426561691816
56304.4025962385 15.312002 0.0540007531353105
56304.4079803354 15.321716 0.0540371332921488
56338.1554859029 15.314007 0.054819306590244
56338.1630752892 15.301213 0.0544234996963528
56338.1700949189 15.298475 0.0543854916075086
56338.1770365625 15.294871 0.0544366051150771
56363.1428736458 15.185267 0.0540849319651368
56363.1522711921 15.201102 0.0541075421377552
56363.1618490857 15.185253 0.0540573872493746
56363.1714223381 15.179895 0.0540172693462662
56385.2281856481 15.264062 0.0542275286954189
56385.2339856252 15.287607 0.0542560259601182
56385.2398707871 15.264238 0.0541878868109808
56385.2456430094 15.261959 0.0541889021497244
56396.1405029399 15.247788 0.0544301679163915
56396.1457400345 15.262311 0.0542753596790347
56396.1509456597 15.270734 0.0543170895744473
56396.1561780209 15.271043 0.0545644415558035
56549.4830813077 15.120394 0.0534477949694837
56549.4867571411 15.098288 0.0533777677761309
56549.4903658335 15.108057 0.0534003727610617
56549.4940417823 15.11615 0.0534099777014013
56565.4746705326 15.079472 0.0531858975567616
56565.4806760647 15.069203 0.0531558376429042
56565.4867150579 15.077703 0.0531735239042646
56565.4928040393 15.061616 0.0531200002123281
