53636.347486007 19.27598 0.210042171620935
53636.362950197 19.41619 0.224616651402677
53636.3706918983 19.574049 0.244265528245965
53644.2702629976 19.729219 0.262315049820952
53644.2774766665 18.865274 0.17127384469299
53644.2846357059 19.585211 0.242962224994199
53644.2917960184 19.275025 0.207806208318074
53654.2428304863 19.123702 0.12525775094317
53654.24921669 19.076623 0.122946754651946
53654.25563772 19.758983 0.163604614485155
53654.2620287848 19.72078 0.160756454041495
53667.1715014121 19.0783 0.182619450837008
53667.1782391318 19.447453 0.218295853601757
53667.18489919 19.644951 0.240684784486617
53667.1913950001 19.122004 0.186056852724986
53677.1979412036 19.591168 0.238186046228622
53677.2038750579 19.239306 0.199923439249688
53677.2098367014 19.376039 0.213544037313358
53677.2157873497 19.13885 0.190071485261131
53710.0775856711 19.336828 0.204284933348105
53710.0839673611 19.874052 0.268116885049687
53710.0903250808 19.386359 0.209138642253952
53710.0967295719 19.114281 0.183155319932927
53992.3512727893 19.548089 0.219854135143454
53992.357658403 19.170407 0.182719532455306
53992.3635677197 19.242896 0.189365858540101
53992.3721690741 19.409164 0.206666373974294
53993.4090414699 19.346419 0.195278026188691
53993.410635185 19.500617 0.215148232702852
53993.4122212618 19.192912 0.184748609407241
53993.4138050233 20.01094 0.279907729431983
54010.2668661573 18.853155 0.157837845811811
54010.2741763657 18.858113 0.158312517800346
54010.2814692012 19.085905 0.175714834619073
54010.2887704861 18.858036 0.158264827324377
54027.1759626041 19.44264 0.204477371280351
54027.1858693403 19.328771 0.19318284801084
54027.1958079166 19.239978 0.184898899180486
54027.2057581828 19.469512 0.206318366151932
54093.0868042475 19.569039 0.219753197939057
54093.0943543981 19.690245 0.233613023223288
54093.1018631021 19.13327 0.178832605363108
54093.1093802545 19.181959 0.182830945392921
54346.2824083795 19.480923 0.217198193844215
54346.2895949539 19.252947 0.194044653811992
54346.2967690392 19.179973 0.186650860232092
54346.3039683565 20.060651 0.290049639991655
54355.2326421295 18.618953 0.148146212971653
54355.2391483565 19.300281 0.199953319495368
54355.2456453242 19.483753 0.245136891155402
54355.252139051 19.009225 0.176097048064822
54377.2263331018 19.208724 0.186854254398932
54377.2344811922 19.032316 0.172149852938299
54377.2426321758 19.426239 0.207603603013562
54377.250756192 19.213829 0.187432506649467
54388.2528223493 18.825195 0.155390568194234
54388.2614294905 18.803594 0.15433755095312
54388.2700299188 19.408594 0.20444525640404
54388.2786360183 18.974731 0.166424613704711
54406.1485359608 20.013215 0.278406421799843
54406.1556723146 20.052204 0.283767915539522
54406.1628031135 19.135231 0.179144293652518
54406.1699579745 19.148851 0.180058580772846
54415.1470201272 19.101151 0.176531652661638
54415.1535824882 18.897889 0.160698945697398
54415.1601685765 19.152372 0.180666121230693
54415.1667713425 19.368394 0.200177934930025
54439.161664479 19.198463 0.185398919373377
54439.1637517363 19.285206 0.192637254101156
54439.1658590161 19.947168 0.268785410457224
54439.1679836689 19.464975 0.210322678281792
54715.2814590279 19.305421 0.196030395051577
54715.2888600924 19.374834 0.201958269775799
54715.2962722685 19.317343 0.196170757041896
54715.3036769214 19.473065 0.211474591589982
54729.2622874538 19.167262 0.182408767454126
54729.2686929861 19.91597 0.264242580249222
54729.2751414469 19.554473 0.21979355783202
54729.2815916552 20.163806 0.301556978024668
54740.26601625 19.185059 0.192293866618656
54740.2715235762 19.722183 0.250420061678017
54740.2769740857 19.542989 0.228955293495541
54740.2824271298 20.085846 0.303190262999491
54748.1552370717 18.774024 0.151639474463984
54748.1749818055 19.458634 0.207133299465056
54766.1893465044 19.047505 0.169817981587639
54766.1978904512 19.259665 0.187675192076848
54766.2063712035 19.655103 0.228429998488591
54766.214890949 19.2571 0.187931125604268
54776.1320745023 19.212889 0.182675027748818
54776.146575104 20.127774 0.28884363106804
54776.1538069444 19.714213 0.232740009740981
55072.3294147222 19.4507 0.274397408428528
55072.337071146 20.826966 0.596441575842659
55072.3447283797 19.124664 0.231591491720957
55072.352436979 19.404717 0.267673933899907
55084.3123968636 19.72724 0.313558558215849
55084.3181105323 19.670254 0.303084123824591
55084.3240495717 18.314144 0.151968273272139
55124.1534721875 19.434525 0.215261583425633
55124.1621549307 19.664283 0.241409706013993
55124.1707414812 19.624363 0.235790186373563
55124.1793450578 18.872861 0.163551113884814
55151.1345715858 19.370055 0.205106820184338
55151.1404193286 19.097653 0.180292257564181
55151.146253889 19.148055 0.184483698809778
55151.1520245485 19.246815 0.193477689593782
55450.3390334142 19.016741 0.167823945162431
55450.3523964929 19.462846 0.207099833924342
55450.3590803123 19.066726 0.171913548215893
55476.2253634026 19.32557 0.204831683927947
55476.2380406368 19.088737 0.182875569809444
55476.2443682868 18.961961 0.172286684227337
55502.2209592131 18.959266 0.170483292779925
55502.2358154166 18.859619 0.163094984644281
55502.243334109 19.185424 0.189667213314999
55510.1313966783 19.007146 0.173656864624836
55510.1473621065 19.100114 0.180848649883734
55510.1554112383 19.199064 0.189528898145687
55530.1273583449 19.084913 0.179102627557438
55530.1365971295 18.773713 0.155697987670508
55530.1411691089 18.897148 0.164367886296496
55822.3632841436 19.816664 0.253772892084901
55822.3700573146 19.284826 0.194330179951548
55822.3768456481 19.738977 0.244125866662396
55833.2946269098 18.878156 0.164469028355161
55833.2980501042 18.745461 0.155155056458208
55833.301522396 19.25473 0.19594633738798
55833.3049664581 18.776028 0.160056841639456
55849.2565654167 18.752988 0.152879822653414
55849.2633418287 19.474313 0.214621771571895
55849.2701832522 19.326714 0.199166136685653
55857.2597329396 19.932281 0.234916819743338
55857.2679759724 19.285206 0.171759637545623
55857.2762604862 19.555104 0.195153545734906
55857.2845572106 19.361421 0.178481542862198
55864.1493344791 19.274296 0.19479535902841
55864.1550435531 19.005539 0.171507159529805
55864.1607404859 18.860933 0.160763646507027
55882.1476311688 19.470597 0.213802621397619
55882.1532459143 19.698514 0.239992960231579
55882.1588774654 19.851431 0.259955339927672
55882.1645694212 19.106983 0.179868132343523
55930.0695114699 18.540241 0.140938154115771
55930.0746758794 19.345484 0.203410293248257
56165.2779665277 20.142181 0.340998509104197
56165.2839878937 19.127043 0.207032964523541
56165.3027155441 19.949175 0.299846112549409
56165.3192555211 19.993871 0.297961027096359
56185.2722284262 19.329406 0.180313552930396
56185.2776343635 19.512512 0.196565509208839
56185.283145822 19.052752 0.158620334473191
56185.2886408794 19.184103 0.168091907002633
56205.2820078936 19.486424 0.220748676613821
56205.2954196874 19.377777 0.209919818657949
56205.3021505787 19.334428 0.20538314112719
56214.1942179743 19.889899 0.272825390830608
56214.2026194562 19.569274 0.230906016579443
56214.2195938658 19.93766 0.278945809873891
56222.1699628127 20.165251 0.318221518795102
56222.1744362963 19.898314 0.276643984551029
56222.1789518404 19.697194 0.248159998142081
56274.0656073381 19.163674 0.162055047426363
56274.0703558334 20.360259 0.2930340820135
56274.0750576042 19.510244 0.1905552434126
56274.079804595 19.16823 0.162277540440945
56536.3079839354 19.728291 0.266140609962742
56536.3183335648 18.86588 0.173078379895521
56536.3286294793 19.33302 0.216733054056322
56536.339047859 19.396282 0.223757817828774
56547.287765984 19.089571 0.194521283596268
56547.2944635646 19.592688 0.249460883084435
56547.3012097338 19.591297 0.250149159217801
56547.3079313887 19.228116 0.208026405023905
56558.2603168865 18.514172 0.143721917148255
56558.2696726043 19.670465 0.248424414842805
56558.2789398842 19.317405 0.20646728477406
56558.2882595947 19.481193 0.224508735766242
56564.3371674423 18.932777 0.167690515738236
56564.3460875927 18.902522 0.165428891806149
56564.3505813312 19.404797 0.210305115743247
