53636.347486007 18.51068 0.147463819538584
53636.3552216897 18.2209 0.130586106905478
53636.362950197 18.54729 0.149451724514756
53636.3706918983 18.438149 0.143082511677379
53644.2702629976 18.372619 0.138174628960168
53644.2774766665 18.390274 0.139100131866831
53644.2846357059 18.415511 0.140435898705427
53644.2917960184 18.295525 0.133600506103811
53654.2428304863 18.446502 0.0983371857698596
53654.24921669 18.241323 0.0922177827799005
53654.25563772 18.318983 0.0944050710424605
53654.2620287848 18.32758 0.0946292814234037
53667.1715014121 18.3787 0.134212572025618
53667.1782391318 18.344153 0.132291524585841
53667.18489919 18.416151 0.136005586071019
53667.1913950001 18.345104 0.132172093355935
53677.1979412036 18.286568 0.130780753411958
53677.2038750579 18.314106 0.132252839206448
53677.2098367014 18.445239 0.139455410756117
53677.2157873497 18.53165 0.144479775863005
53710.0775856711 18.650028 0.148851166936803
53710.0839673611 18.316552 0.129499714119551
53710.0903250808 18.598859 0.145523609355363
53710.0967295719 18.255881 0.126258737724825
53992.3512727893 18.269489 0.124095675281886
53992.357658403 18.444507 0.13285206839277
53992.3635677197 18.217596 0.121606931514772
53992.3721690741 18.246464 0.123663814093362
53993.4090414699 18.558319 0.137134378799019
53993.410635185 18.456917 0.133938397695091
53993.4122212618 18.780312 0.153121385934863
53993.4138050233 18.43954 0.133088947462197
54010.2668661573 18.721655 0.149015585480316
54010.2741763657 18.608213 0.142092036958323
54010.2814692012 18.492705 0.135531379484823
54010.2887704861 18.673936 0.146066233728841
54027.1759626041 18.61054 0.14005809497763
54027.1858693403 18.344271 0.125560169559628
54027.1958079166 18.400078 0.128194743626104
54027.2057581828 18.258512 0.121221362385029
54093.0868042475 18.360239 0.127498795526027
54093.0943543981 18.521945 0.136115310821342
54093.1018631021 18.29877 0.124921681967707
54093.1093802545 18.330259 0.126405617445396
54346.2824083795 18.353423 0.130469192750727
54346.2895949539 18.321847 0.128709256362467
54346.2967690392 18.320473 0.128210310665059
54346.3039683565 18.092751 0.117022042451835
54355.2326421295 18.367753 0.133360113902224
54355.2391483565 18.175381 0.122238497437918
54355.2456453242 18.160353 0.132769898296197
54355.252139051 18.290725 0.129081318796484
54377.2263331018 18.295524 0.125634797009949
54377.2344811922 18.172816 0.119864975047985
54377.2426321758 18.316339 0.126698450391679
54377.250756192 18.174629 0.119969685408225
54388.2528223493 18.482995 0.134380354770276
54388.2614294905 18.243494 0.122481392797519
54388.2700299188 18.204794 0.120691313077762
54388.2786360183 18.177331 0.119323697577253
54406.1485359608 18.397615 0.130200176622631
54406.1556723146 18.497904 0.135431131361264
54406.1628031135 18.658231 0.14477025857254
54406.1699579745 18.182451 0.119412433387779
54415.1470201272 18.406851 0.130612889116317
54415.1535824882 18.294989 0.124809524712375
54415.1601685765 18.500072 0.135570012173184
54415.1667713425 18.315694 0.12584237510314
54439.161664479 18.349763 0.128033284096983
54439.1637517363 18.315806 0.126016406139441
54439.1658590161 18.339968 0.12721670262199
54439.1679836689 18.440675 0.132499773155899
54715.2814590279 18.200821 0.121276140462694
54715.2888600924 18.396134 0.130529270733456
54715.2962722685 18.226943 0.122007760290688
54715.3036769214 18.374465 0.129180608562435
54729.2622874538 18.202662 0.120754911512411
54729.2686929861 18.11447 0.116599501323337
54729.2751414469 18.372473 0.128877273876395
54729.2815916552 18.353006 0.12784797881584
54740.26601625 18.257759 0.127943590796505
54740.2715235762 18.261083 0.127728098769949
54740.2769740857 18.349589 0.132549374826171
54740.2824271298 18.246246 0.126907138709861
54748.1552370717 18.304524 0.124896414156091
54748.1617771066 18.25229 0.122148555807484
54748.1683427082 18.065239 0.113810853484955
54748.1749818055 18.414434 0.129812114653964
54766.1893465044 18.315505 0.124464385353988
54766.1978904512 18.375765 0.127562835827251
54766.2063712035 18.218303 0.120237917361448
54766.214890949 18.2588 0.122125470740771
54776.1320745023 17.981489 0.109562145027223
54776.1392635186 18.057911 0.112459961671071
54776.146575104 18.234774 0.12001978842969
54776.1538069444 18.233213 0.11990776539779
55072.3294147222 18.5812 0.177887972627534
55072.337071146 17.941166 0.134612841468911
55072.3447283797 18.228664 0.151645322106373
55072.352436979 18.277917 0.154971360206335
55084.3123968636 17.67814 0.119864975047985
55084.3181105323 18.135954 0.143755613605978
55084.3240495717 18.340644 0.153737460899764
55084.3299325115 18.118861 0.142870130070537
55124.1534721875 18.079025 0.118557575528098
55124.1621549307 18.243883 0.12620310022697
55124.1707414812 18.210163 0.124246480101032
55124.1793450578 17.885661 0.109723147424216
55151.1345715858 18.125055 0.119112305839624
55151.1404193286 17.998753 0.113770741217215
55151.146253889 18.398955 0.132702171129548
55151.1520245485 18.251615 0.125195349525894
55450.3390334142 18.298841 0.123893929125588
55450.3523964929 17.951546 0.108830594114466
55450.3590803123 18.142626 0.116854821134796
55476.2253634026 18.23637 0.126364421956197
55476.2380406368 18.260237 0.127590321683389
55476.2443682868 18.345661 0.131948400149902
55502.2209592131 18.462766 0.137280023658057
55502.2358154166 18.369619 0.13226690272351
55502.243334109 18.270924 0.127135267551065
55510.1313966783 18.322346 0.129264114921158
55510.1473621065 18.254414 0.125545838923327
55510.1554112383 18.126264 0.119508481731198
55530.1273583449 18.381713 0.131781586676603
55530.1365971295 18.369213 0.131265515047207
55530.1411691089 18.137648 0.119798543405272
55822.3632841436 18.215564 0.122156252690428
55822.3700573146 18.402126 0.131392087380394
55822.3768456481 18.038477 0.114390600077635
55822.3837028239 18.331867 0.128095288226455
55833.2946269098 18.236356 0.125431428247215
55833.2980501042 18.277161 0.127556728975458
55833.301522396 18.26573 0.126805608682343
55833.3049664581 18.153928 0.123443444856449
55849.2565654167 17.858988 0.107468578011433
55849.2633418287 18.072113 0.116233403641415
55849.2701832522 18.422014 0.132934434808578
55849.2770027085 18.166123 0.120469805662638
55857.2597329396 18.330781 0.115401678241624
55857.2679759724 17.987406 0.102292145992952
55857.2762604862 18.196304 0.110011965415826
55857.2845572106 18.297621 0.114341805968151
55864.1493344791 18.462196 0.13550050632646
55864.1550435531 18.348539 0.129299511754491
55864.1607404859 17.969633 0.112011609830443
55864.1664537271 18.475469 0.136083928602972
55882.1476311688 18.078797 0.116350702242809
55882.1532459143 18.397014 0.131726164684093
55882.1588774654 18.265431 0.125099152058041
55882.1645694212 18.361283 0.130028607108821
55930.0643645716 18.089136 0.117339929020638
55930.0695114699 18.526541 0.140132473944563
55930.0746758794 18.274984 0.126591653995966
55930.0798429167 18.329088 0.129525636976206
56165.2779665277 18.464381 0.148302423161349
56165.2839878937 18.687943 0.168167538147478
56165.3027155441 18.529375 0.149696651317437
56165.3192555211 18.455271 0.141588022558967
56185.2722284262 18.578706 0.130038482860964
56185.2776343635 18.382112 0.120346385708487
56185.283145822 18.521452 0.126904148593945
56185.2886408794 18.353003 0.118796949453835
56205.2820078936 18.392524 0.13401228688705
56205.288701273 18.312931 0.129946436265252
56205.2954196874 18.394777 0.134537677054579
56205.3021505787 18.563528 0.144259653316666
56214.1942179743 18.381799 0.133894136407787
56214.2026194562 18.324274 0.130700073007742
56214.2111158567 18.486938 0.139511362447501
56214.2195938658 18.38146 0.133560325815108
56222.1699628127 18.398451 0.135458091806255
56222.1744362963 18.198014 0.125297527254627
56222.1789518404 18.484594 0.140338885102712
56222.1834205901 18.161155 0.123160904786129
56274.0656073381 18.290574 0.113491613290347
56274.0703558334 18.365459 0.116692844870478
56274.0750576042 18.500044 0.122933584721922
56274.079804595 18.28563 0.113221006795077
56536.3079839354 18.487191 0.146777140949328
56536.3183335648 18.47168 0.145307612606978
56536.3286294793 18.31702 0.136284480089853
56536.339047859 18.402282 0.141239141648261
56547.287765984 18.308171 0.137061780168722
56547.2944635646 18.498788 0.148216166300149
56547.3012097338 18.490297 0.1481139698193
56547.3079313887 18.156516 0.128845506103413
56558.2603168865 18.407672 0.137450677925813
56558.2696726043 18.156865 0.124359377840256
56558.2789398842 18.482805 0.141081612591119
56558.2882595947 18.454793 0.139727360431788
56564.3371674423 18.408277 0.133717664093727
56564.3416313194 18.520521 0.140005676304575
56564.3460875927 18.277622 0.126907138709861
56564.3505813312 18.345897 0.130659803318538
