53710.0775856711 19.774935 0.252774546992158
53710.0839673611 19.614059 0.232547372611587
53710.0903250808 19.225466 0.191978654292802
53710.0967295719 19.845288 0.261521371531741
53677.1979412036 20.095375 0.308025781389546
53677.2038750579 19.447613 0.219833928821132
53677.2098367014 19.378246 0.21215735401656
53677.2157873497 19.167557 0.191275564193903
53644.2702629976 19.954326 0.29308218328881
53644.2774766665 19.479281 0.228657929933829
53644.2846357059 19.512018 0.232211440456771
53644.2917960184 19.088132 0.188434143350068
53654.2428304863 19.515809 0.146148011883242
53654.24921669 19.49263 0.144666619779558
53654.25563772 19.18609 0.127507934250899
53654.2620287848 19.487087 0.144210904658866
53667.1715014121 19.794507 0.258649412137484
53667.1782391318 19.47806 0.219955217615982
53667.18489919 19.088058 0.181672247318943
53667.1913950001 19.118311 0.18438037673152
53636.347486007 19.756787 0.266213036795077
53636.3552216897 19.628107 0.248630668505456
53636.3706918983 19.216456 0.202625488529663
54093.0868042475 19.272046 0.188668748868383
54093.0943543981 19.538252 0.214771773061199
54093.1018631021 19.924877 0.262836567839555
54093.1093802545 19.740466 0.238731566145751
54010.2668661573 19.509362 0.213304811709489
54010.2814692012 19.548712 0.217921481610359
54010.2887704861 19.379743 0.200283035809925
54027.1759626041 19.795647 0.242141324838476
54027.1858693403 19.396578 0.198112592425948
54027.1958079166 19.410685 0.199166136685653
54027.2057581828 19.549119 0.212938415919325
53992.3512727893 19.227996 0.186698654525738
53992.357658403 19.427414 0.205187967136463
53992.3635677197 19.263403 0.18981848566775
53992.3721690741 19.016971 0.170307347236701
53993.4090414699 19.177126 0.178894795228545
53993.410635185 19.343924 0.197736549901436
53993.4122212618 19.891419 0.259584997853148
53993.4138050233 19.626247 0.227547738139352
54439.161664479 20.42607 0.346322579633369
54439.1637517363 19.735413 0.23894038789669
54439.1658590161 19.980775 0.271394796739988
54439.1679836689 19.621482 0.22561709982791
54406.1485359608 19.386922 0.200871861741412
54406.1556723146 19.813311 0.248336184030434
54406.1628031135 19.284638 0.190837166386955
54406.1699579745 19.201058 0.183188984217366
54415.1470201272 19.817958 0.249163413694721
54415.1535824882 19.762296 0.241788221597267
54415.1601685765 19.950079 0.266721642370951
54415.1667713425 19.534801 0.215583750923667
54377.2263331018 19.413231 0.204670390361118
54377.2344811922 19.767423 0.24457364321003
54377.2426321758 19.797246 0.248336184030434
54377.250756192 19.339536 0.197592530095324
54388.2614294905 19.416301 0.203631794567386
54388.2700299188 20.841501 0.435621796095188
54388.2786360183 19.836738 0.251359973283272
54346.2824083795 20.03253 0.286385100717432
54346.2895949539 19.565654 0.224573463192526
54346.3039683565 19.631358 0.230086992802397
54355.2326421295 19.88526 0.270554666769043
54355.2391483565 19.341388 0.202454134553802
54355.2456453242 19.93716 0.308918993518021
54355.252139051 19.962532 0.281262451017646
54776.1392635186 20.786118 0.412023925780939
54776.1538069444 20.44022 0.339152659950634
54740.26601625 20.308466 0.34107294246052
54740.2769740857 19.581396 0.231615249794218
54740.2824271298 20.247053 0.328177534586773
54748.1552370717 19.422931 0.203236803808613
54766.1893465044 19.792712 0.242141324838476
54766.1978904512 20.120372 0.287788942446019
54766.2063712035 20.24081 0.30785914160994
54766.214890949 20.590007 0.373079630089903
54715.2814590279 19.815628 0.251085997447168
54715.2888600924 19.949241 0.268079887231023
54715.2962722685 20.12005 0.293130307635327
54715.3036769214 19.814172 0.249312014062398
54729.2686929861 20.131377 0.29375798805635
55072.3294147222 19.644707 0.301818683078583
55072.337071146 19.897073 0.347024328799317
55072.3447283797 19.597371 0.29400045292699
55072.352436979 19.100824 0.22707703618883
55151.1345715858 19.480362 0.214922116744038
55151.1404193286 19.42046 0.208966297625818
55151.146253889 18.898462 0.163261714671016
55151.1520245485 19.747822 0.246418754449134
55124.1534721875 19.396232 0.209606239825456
55124.1621549307 19.12139 0.18338014637631
55124.1707414812 19.78837 0.254497834196321
55124.1793450578 19.305568 0.198798275624991
55084.3123968636 19.003747 0.213525609513596
55084.3181105323 19.325061 0.25051055384382
55084.3240495717 19.535051 0.272475353766102
55502.2209592131 19.721473 0.245334956695842
55502.2358154166 20.057126 0.292937963018471
55502.243334109 19.192431 0.188904324366198
55510.1473621065 20.725421 0.420070226144767
55510.1554112383 19.256871 0.193410551762989
55530.1273583449 19.98472 0.278696486234598
55530.1365971295 20.23572 0.319387913824746
55476.2253634026 19.389277 0.209745423369149
55476.2380406368 19.536944 0.22581447134315
55476.2443682868 19.642668 0.238056722555534
55450.3390334142 19.862148 0.251573696363294
55450.3523964929 19.404853 0.199789120202357
55450.3590803123 19.537633 0.213728636227305
55822.3700573146 19.293433 0.19367955949716
55822.3768456481 19.416384 0.206005118650442
55822.3837028239 19.427174 0.207368031597991
55857.2597329396 19.380388 0.178091903733288
55857.2679759724 19.126113 0.158716532050037
55857.2762604862 18.966911 0.148140838461095
55857.2845572106 19.167228 0.162151325035706
55864.1493344791 19.731003 0.242605464632946
55864.1550435531 19.369046 0.20222121265093
55864.1607404859 19.38474 0.203965490558825
55864.1664537271 19.157276 0.182652788903482
55833.2946269098 19.766263 0.251329494014767
55833.2980501042 19.355668 0.204589895744117
55833.301522396 18.889437 0.164027131138728
55833.3049664581 19.463035 0.22001593453665
55849.2565654167 19.505195 0.215812068686314
55849.2565654167 19.348795 0.199848783632604
55849.2633418287 18.92612 0.164266950080084
55849.2701832522 20.493121 0.363645186781593
55849.2770027085 18.90803 0.163011832046616
55882.1476311688 19.524404 0.217901838543632
55882.1532459143 19.998421 0.278323706265959
55882.1588774654 19.391138 0.204365044570995
55882.1645694212 18.92719 0.164430099861201
55930.0643645716 19.834843 0.256840739509012
55930.0695114699 19.342448 0.20145097594705
55930.0746758794 19.557691 0.224228911023657
55930.0798429167 19.263895 0.194425659509089
56165.2779665277 19.244388 0.211331740161033
56165.2839878937 19.12945 0.205709750024717
56165.3027155441 19.097782 0.192677011361361
56165.3192555211 19.302378 0.207032964523541
56185.2722284262 19.041313 0.15702242424695
56185.2776343635 19.297719 0.176254671495455
56185.283145822 19.461359 0.190134908069911
56185.2886408794 19.21211 0.169058594191529
56205.2820078936 19.102531 0.181858184258584
56205.288701273 19.651638 0.238523301997388
56205.3021505787 19.321835 0.202578710327804
56214.1942179743 19.097606 0.182165833544811
56214.2026194562 19.210981 0.192044183739788
56214.2111158567 19.317145 0.201819514997568
56214.2195938658 19.460967 0.21659797251511
56222.1699628127 19.687358 0.245052147355761
56222.1744362963 19.210921 0.193882116898624
56222.1789518404 19.598001 0.234004269389522
56222.1834205901 19.015062 0.176136410865748
56274.0656073381 19.495081 0.187517330425365
56274.0703558334 19.137266 0.159082573708005
56274.0750576042 19.449551 0.183787157259424
56274.079804595 19.374737 0.177070000504681
56536.3079839354 19.325798 0.214978575538085
56536.3183335648 19.084987 0.190440308860207
56536.3286294793 19.360027 0.217980455969361
56536.339047859 19.025389 0.185317215359416
56547.287765984 19.110278 0.195015530419378
56547.2944635646 19.121095 0.195569502922737
56547.3012097338 19.190804 0.202953927933382
56547.3079313887 19.227823 0.206417610452788
56558.2603168865 19.745579 0.255966640129559
56558.2696726043 19.224272 0.197205363407961
56558.2882595947 19.3204 0.205709750024717
56564.3371674423 18.798384 0.156784636996876
56564.3416313194 18.952828 0.167974491431604
56564.3460875927 19.178029 0.186603106271602
56564.3505813312 19.062104 0.177130155897716
56574.2570773382 19.228456 0.190619196737581
56574.2655527894 19.143753 0.183278865188165
56574.2740245485 18.887751 0.16305717309488
56574.2825462846 19.321086 0.199387910486662
56590.1537735416 18.642716 0.150315372638126
56590.1618979285 18.77025 0.158902638879938
56590.1700511342 18.844917 0.163780847109582
56590.1782147568 18.844263 0.163919220352953
