53636.347486007 18.52168 0.148162347425518
53636.3552216897 18.2588 0.132602598160354
53636.362950197 18.45929 0.143929352028465
53636.3706918983 18.414549 0.141670045474476
53644.2702629976 18.250419 0.131436667906314
53644.2774766665 18.113274 0.124403546957632
53644.2846357059 18.174311 0.127301375209662
53644.2917960184 18.484525 0.144533770747565
53654.2428304863 18.243602 0.0923007505914793
53654.24921669 18.431723 0.0978478644249576
53654.25563772 18.260183 0.0927214702401817
53654.2620287848 18.27338 0.0930645361030568
53667.1715014121 18.3629 0.13335285692693
53667.1782391318 18.475953 0.13965810583524
53667.18489919 18.355851 0.132695046733391
53667.1913950001 18.156704 0.122687046588104
53677.1979412036 18.406868 0.137353060948657
53677.2038750579 18.245506 0.128661859483789
53677.2098367014 18.108939 0.121865080809648
53677.2157873497 18.23275 0.127786444906249
53710.0775856711 18.488128 0.138985291938415
53710.0839673611 18.464352 0.137524064289106
53710.0903250808 18.296359 0.128463537140493
53710.0967295719 18.364881 0.13187184080309
53992.3512727893 18.586289 0.141063649838644
53992.357658403 18.501207 0.135970386845366
53992.3635677197 18.310296 0.126065887992841
53992.3721690741 18.203164 0.121611973697964
53993.4090414699 17.712119 0.100150962538447
53993.410635185 18.275517 0.124586414320985
53993.4122212618 18.498212 0.135849414026218
53993.4138050233 18.24404 0.1231582524128
54010.2668661573 18.385255 0.129564555381058
54010.2741763657 18.470613 0.134208848980919
54010.2814692012 18.441905 0.132752061516906
54010.2887704861 18.541636 0.138153863060936
54027.1759626041 18.37804 0.127416641092839
54027.1858693403 18.280671 0.12249696263764
54027.1958079166 18.203678 0.118801527291384
54027.2057581828 18.471712 0.13183362766935
54093.0868042475 18.399039 0.129483523629672
54093.0943543981 18.460445 0.132737802236512
54093.1018631021 18.23727 0.121977126927659
54093.1093802545 18.436959 0.13190313958579
54346.2824083795 18.454623 0.13594694155738
54346.2895949539 18.401347 0.132887854948927
54346.2967690392 18.492373 0.137458822440877
54346.3039683565 18.465751 0.135454239755286
54355.2326421295 18.671353 0.151546001250289
54355.2391483565 18.618781 0.146399508599874
54355.2456453242 18.705253 0.167907525288305
54355.252139051 18.702925 0.153376500136477
54377.2263331018 18.152724 0.118916239228358
54377.2344811922 18.467116 0.134624131835359
54377.2426321758 18.538539 0.138634475095087
54377.250756192 18.672029 0.146714816499155
54388.2528223493 18.068495 0.114404277357022
54388.2614294905 18.223394 0.121538971273066
54388.2700299188 18.301894 0.125306058563784
54388.2786360183 18.442531 0.132397255177769
54406.1485359608 18.456215 0.133316586113185
54406.1556723146 18.277404 0.124002816808034
54406.1628031135 18.325531 0.126323279780679
54406.1699579745 18.181751 0.119379712288078
54415.1470201272 18.341051 0.127228785584227
54415.1535824882 18.352689 0.127675978407008
54415.1601685765 18.357272 0.127974492589202
54415.1667713425 18.281094 0.124150428290181
54439.161664479 18.378263 0.129496476165108
54439.1637517363 18.371606 0.12883280680276
54439.1658590161 18.441868 0.132510397572923
54439.1679836689 18.299475 0.125252074189434
54715.2814590279 18.409421 0.131653559851543
54715.2888600924 18.438434 0.13277703820073
54715.2962722685 18.320443 0.126529521052523
54715.3036769214 18.215765 0.121403510746975
54729.2622874538 18.252962 0.123113187352427
54729.2686929861 18.37377 0.128858210286858
54729.2751414469 18.398273 0.130213411536266
54729.2815916552 18.454406 0.133161051085411
54740.26601625 18.501559 0.141338493798284
54740.2715235762 18.150983 0.122344199803205
54740.2769740857 18.476589 0.13965810583524
54740.2824271298 18.452046 0.137934468350557
54748.1552370717 18.659524 0.14435243845475
54748.1617771066 17.96249 0.109711729898161
54748.1683427082 18.051039 0.113219135387553
54748.1749818055 17.718734 0.100665679338962
54766.1893465044 18.423405 0.129884125031841
54766.1978904512 18.404965 0.129049353341862
54766.2063712035 18.684803 0.145152624548094
54766.214890949 18.3929 0.128706091338056
54776.1320745023 18.251289 0.121035381367503
54776.1392635186 18.199411 0.118505406325565
54776.146575104 18.320574 0.124046479141405
54776.1538069444 18.319113 0.123934716927479
55072.3294147222 18.0058 0.138033651345854
55072.337071146 18.392166 0.163406191654661
55072.3447283797 18.339764 0.159242341864196
55072.352436979 18.253817 0.153339963216236
55084.3123968636 18.11194 0.142663590876215
55084.3181105323 17.952454 0.133215227583333
55084.3240495717 17.256644 0.101169477502043
55084.3299325115 18.549161 0.172791580138498
55124.1534721875 18.303125 0.129334942615568
55124.1621549307 18.093283 0.119082231439393
55124.1707414812 18.116163 0.119831740284693
55124.1793450578 18.280761 0.127286239020123
55151.1345715858 18.402855 0.132823464118625
55151.1404193286 18.082953 0.117376923871537
55151.146253889 18.063355 0.116457961982724
55151.1520245485 18.421915 0.134008589638599
55450.3390334142 18.301741 0.124032827817574
55450.3523964929 18.341646 0.125888689120276
55450.3590803123 18.127426 0.116195810683852
55476.2253634026 18.11977 0.120772055776428
55476.2380406368 18.518637 0.141793406357273
55476.2443682868 18.426761 0.136387154717066
55502.2209592131 18.522066 0.14071064324601
55502.2358154166 18.390119 0.133367376789144
55502.243334109 18.422924 0.135154988463496
55510.1313966783 18.494946 0.138680776326386
55510.1473621065 18.383014 0.132147552983928
55510.1554112383 18.280864 0.126880233915805
55530.1273583449 18.221513 0.123677302678689
55530.1365971295 18.350813 0.130296243594827
55530.1411691089 18.394448 0.132506857187103
55822.3632841436 18.389864 0.130831276637453
55822.3700573146 18.352026 0.128778894452417
55822.3768456481 18.520177 0.138133108919734
55822.3837028239 18.446267 0.134134543820502
55833.2946269098 18.165556 0.122028196805692
55833.2980501042 18.290261 0.128219652187518
55833.301522396 18.27213 0.127126230296
55833.3049664581 18.294528 0.13048920543249
55849.2565654167 18.316588 0.1274683443806
55849.2633418287 18.167113 0.120469805662638
55849.2701832522 18.398014 0.131650107167668
55849.2770027085 18.538923 0.139827143389963
55857.2597329396 18.321481 0.115007095191515
55857.2679759724 18.320906 0.115037091262996
55857.2762604862 18.260604 0.11258740709469
55857.2845572106 18.367821 0.117355155670472
55864.1493344791 18.133596 0.119026796160058
55864.1550435531 18.062039 0.115789702313394
55864.1607404859 18.306333 0.127237848035764
55864.1664537271 18.131769 0.118822139407637
55882.1476311688 18.270997 0.125206686955813
55882.1532459143 18.278814 0.125669297454731
55882.1588774654 18.457031 0.135078661808589
55882.1645694212 18.053183 0.115466644567627
55930.0643645716 18.216536 0.12317417343245
55930.0695114699 18.347841 0.130236582193778
55930.0746758794 18.389584 0.132521020992101
55930.0798429167 18.158888 0.121179105588637
56165.2779665277 18.305281 0.138638680939151
56165.2839878937 18.107643 0.13105448312987
56165.3027155441 18.201675 0.130569379900028
56165.3192555211 18.307371 0.133189936398481
56185.2722284262 18.199606 0.112509044650792
56185.2776343635 18.357012 0.119207354847792
56185.283145822 18.257852 0.11475841028573
56185.2886408794 18.495203 0.125477145381168
56205.2820078936 18.128724 0.120750012850535
56205.288701273 18.361231 0.132499773155899
56205.2954196874 18.269477 0.127918889015079
56205.3021505787 18.348328 0.131955366719137
56214.1942179743 18.528599 0.142295519145371
56214.2026194562 18.284674 0.128642916825791
56214.2111158567 18.353638 0.132074045908846
56214.2195938658 18.30346 0.129422071151302
56222.1699628127 18.475451 0.139848870212266
56222.1744362963 18.299714 0.130452523978278
56222.1789518404 18.211394 0.125626176037905
56222.1834205901 18.342155 0.132312648068504
56274.0656073381 18.304674 0.114079839901564
56274.0703558334 18.379459 0.117302982813181
56274.0750576042 18.438044 0.120046071406046
56274.079804595 18.39563 0.117928888255738
56536.3079839354 18.569391 0.152080415082914
56536.3183335648 18.77888 0.166335447756638
56536.3286294793 18.37882 0.139827143389963
56536.339047859 18.555682 0.150799853659477
56547.287765984 18.588771 0.154468578087048
56547.2944635646 18.706488 0.162389186975463
56547.3012097338 18.424797 0.144026209357045
56547.3079313887 18.465216 0.146378917753394
56558.2603168865 18.870072 0.168066724236402
56558.2696726043 18.732165 0.158088122693756
56558.2789398842 18.074105 0.119800910037757
56558.2882595947 18.359793 0.13435046617924
56564.3371674423 18.421177 0.134425230840585
56564.3416313194 18.708121 0.151674579502544
56564.3460875927 18.438322 0.135384959649222
56564.3505813312 18.568297 0.143210500493353
