53636.347486007 19.01778 0.185410598097377
53636.3552216897 18.7459 0.163345302224889
53636.362950197 18.75229 0.163604614485155
53636.3706918983 19.000649 0.184071570697479
53644.2702629976 18.687519 0.158189983699787
53644.2774766665 18.589774 0.151429448698562
53644.2846357059 18.647011 0.155110646695643
53644.2917960184 18.576425 0.150343716322838
53654.2428304863 18.826202 0.111979495940291
53654.24921669 19.060523 0.12218450084981
53654.25563772 18.903783 0.115135312878229
53654.2620287848 18.79988 0.110822040981165
53667.1715014121 18.6772 0.152240281703161
53667.1782391318 19.051153 0.180228428216126
53667.18489919 18.740451 0.15616969900917
53667.1913950001 18.652404 0.150343716322838
53677.1979412036 18.725468 0.15744164477934
53677.2038750579 18.607306 0.149523940619834
53677.2098367014 18.575639 0.147363496424015
53677.2157873497 18.55505 0.14592351942792
53710.0775856711 18.913528 0.167292399441929
53710.0839673611 19.388052 0.209311439261619
53710.0903250808 19.219059 0.192809707872746
53710.0967295719 18.845381 0.161870446651336
53992.3512727893 18.429989 0.132256353454327
53992.357658403 18.945807 0.164742424748262
53992.3635677197 18.987296 0.168091907002633
53992.3721690741 19.135464 0.181237222268803
53993.4090414699 19.144319 0.177462255426787
53993.410635185 19.024717 0.17135448265097
53993.4122212618 19.348212 0.19900401090478
53993.4138050233 18.88914 0.161277342857829
54010.2668661573 19.161755 0.181726870467403
54010.2741763657 18.722513 0.149186183558576
54010.2814692012 19.224605 0.187529455311693
54010.2887704861 19.350536 0.198959869442606
54027.1759626041 18.91494 0.159746175578876
54027.1858693403 19.017371 0.167020567616703
54027.1958079166 19.054678 0.169635700472524
54027.2057581828 19.191412 0.180569741505674
54093.0868042475 18.989339 0.166627882436742
54093.0943543981 19.003745 0.167740507795953
54093.1018631021 18.59937 0.141108570013347
54093.1093802545 19.934759 0.266140609962742
54346.2824083795 19.554023 0.225289343977137
54346.2895949539 19.199747 0.189153342250857
54346.2967690392 18.777273 0.155244019591589
54346.3039683565 19.450051 0.211797141845467
54355.2326421295 19.317953 0.204397119144597
54355.2391483565 18.972181 0.171246994090048
54355.2456453242 19.850053 0.297256701134327
54355.252139051 19.328225 0.205025775711795
54377.2263331018 19.656724 0.232860659758439
54377.2344811922 18.873316 0.160177436295603
54377.2426321758 19.121339 0.17937402616399
54377.250756192 19.230629 0.188929179216125
54388.2528223493 19.084095 0.174651682015205
54388.2614294905 19.339094 0.19762130864261
54388.2700299188 19.406194 0.204204922534997
54388.2786360183 19.332231 0.196763857466816
54406.1485359608 19.651815 0.230858969573768
54406.1556723146 19.313704 0.195029314375321
54406.1628031135 19.381831 0.201496922792363
54406.1699579745 19.537551 0.217276028344068
54415.1470201272 19.414951 0.205025775711795
54415.1535824882 19.114989 0.177431979134336
54415.1601685765 18.988372 0.167491048389422
54415.1667713425 18.824494 0.155576047130816
54439.161664479 19.331663 0.197578150218728
54439.1637517363 19.607906 0.225748625628787
54439.1658590161 18.859068 0.158203579388237
54439.1679836689 19.196175 0.1847139856035
54715.2814590279 19.104421 0.178214640917611
54715.2888600924 19.195434 0.185305549075899
54715.2962722685 18.860243 0.158689024851485
54715.3036769214 19.135665 0.179794257730971
54729.2622874538 19.164962 0.182209920286833
54729.2686929861 18.87147 0.158971760536476
54729.2751414469 19.069173 0.174014674830114
54729.2815916552 18.977206 0.166791114930798
54740.26601625 18.939659 0.171381396110632
54740.2715235762 19.015783 0.176889933759735
54740.2769740857 19.047189 0.179836458465187
54740.2824271298 18.952546 0.171687372649242
54748.1552370717 18.690024 0.146245344105303
54748.1617771066 18.34029 0.126405617445396
54748.1683427082 19.279139 0.190440308860207
54748.1749818055 18.829034 0.154493573311525
54766.1893465044 19.167105 0.179468288010144
54766.1978904512 19.009665 0.167094553704822
54766.2063712035 18.868103 0.157181662211219
54766.214890949 19.0171 0.168066724236402
54776.1320745023 19.124289 0.175267586993003
54776.1392635186 18.847011 0.154406137712102
54776.146575104 19.242174 0.184725522176276
54776.1538069444 18.585813 0.137950976813444
55072.3294147222 18.6443 0.183222675797212
55072.337071146 18.754566 0.193423970035992
55072.3447283797 18.699064 0.187882291629807
55072.352436979 18.727217 0.190453065603742
55084.3123968636 18.95234 0.209780267733173
55084.3181105323 18.767054 0.191172117656689
55084.3240495717 18.738344 0.184242920843617
55084.3299325115 18.571761 0.174603871564016
55124.1534721875 18.556525 0.143549099552678
55124.1621549307 18.839883 0.162255239642553
55124.1707414812 18.502763 0.139818458327366
55124.1793450578 18.595261 0.144834556107914
55151.1345715858 18.373655 0.131265515047207
55151.1404193286 18.358453 0.130626284138712
55151.146253889 18.470455 0.136645134023336
55151.1520245485 18.492215 0.137942721650395
55450.3390334142 18.494941 0.133956855346621
55450.3523964929 18.492846 0.133739673790193
55450.3590803123 18.542326 0.136740857994476
55476.2253634026 18.59967 0.146720004899493
55476.2380406368 18.622037 0.148178488267358
55476.2443682868 18.455161 0.138000562130799
55502.2209592131 18.733466 0.154064316071565
55502.2358154166 18.408119 0.134354199736316
55502.243334109 18.328224 0.130064829828454
55510.1313966783 18.482346 0.137963368112808
55510.1473621065 18.451814 0.135907898592454
55510.1554112383 18.288364 0.127255987979427
55530.1273583449 18.677613 0.149131076361995
55530.1365971295 18.541913 0.140929208400974
55530.1411691089 18.459848 0.136091770373431
55822.3632841436 18.703964 0.14914208920344
55822.3700573146 18.412726 0.131955366719137
55822.3768456481 18.167277 0.120036514416399
55822.3837028239 18.554467 0.140264095949827
55833.2946269098 18.752756 0.15553120007233
55833.2980501042 18.497561 0.139515674374766
55833.301522396 18.53183 0.14132493345521
55833.3049664581 18.719828 0.156117754290162
55849.2565654167 18.399388 0.131753866508458
55849.2633418287 18.544913 0.14011933498333
55849.2701832522 18.460014 0.13501391054708
55849.2770027085 18.728323 0.151586868103159
55857.2597329396 18.675581 0.131882271950902
55857.2679759724 18.870606 0.143030483652186
55857.2762604862 18.600904 0.128141869035001
55857.2845572106 18.571821 0.12693706271381
55864.1493344791 18.388296 0.131488182837491
55864.1550435531 18.684739 0.148671067927843
55864.1607404859 18.485133 0.136772819291587
55864.1664537271 18.274569 0.125531514809522
55882.1476311688 18.643697 0.145842199944198
55882.1532459143 18.673714 0.147830250989342
55882.1588774654 18.620331 0.144612442104632
55882.1645694212 18.520083 0.138739791776917
55930.0643645716 18.454836 0.135458091806255
55930.0695114699 18.691941 0.150360734573652
55930.0746758794 18.350184 0.130432533196551
55930.0798429167 18.101588 0.118571196924319
56165.2779665277 17.995681 0.122463235470706
56165.2839878937 18.040843 0.127605601288215
56165.3027155441 18.388275 0.140969491748665
56165.3192555211 18.378671 0.137142457577311
56185.2722284262 18.050706 0.106711320178366
56185.2776343635 18.673012 0.135017715050644
56185.283145822 18.426852 0.122305484957869
56185.2886408794 18.458103 0.123674605135025
56205.2820078936 18.589924 0.145513533300759
56205.288701273 18.456131 0.137753320499666
56205.2954196874 18.463377 0.138395475123968
56205.3021505787 18.317728 0.13033939511526
56214.1942179743 18.223199 0.125660667040726
56214.2026194562 18.662974 0.150576862867802
56214.2111158567 18.268938 0.127672915983154
56214.2195938658 18.34436 0.131563882398996
56222.1699628127 18.422851 0.136828825876958
56222.1744362963 18.062814 0.118943837241939
56222.1789518404 18.473894 0.139710038693752
56222.1834205901 18.326855 0.131498496872206
56274.0656073381 18.508674 0.123200728055518
56274.0703558334 18.571959 0.126302730430576
56274.0750576042 18.738444 0.135181739830379
56274.079804595 18.57443 0.126329152436181
56536.3079839354 18.285591 0.134892353622493
56536.3183335648 18.58648 0.152681553428688
56536.3286294793 18.46192 0.144809814795917
56536.339047859 18.430782 0.142940794285293
56547.287765984 18.498671 0.148535151251599
56547.2944635646 18.508188 0.148823827727501
56547.3012097338 18.503897 0.14898265047047
56547.3079313887 18.452716 0.145594182721002
56558.2603168865 18.558372 0.14645102898875
56558.2696726043 18.539965 0.14540792867301
56558.2789398842 18.358305 0.13399749565541
56558.2882595947 18.586693 0.147760957318984
56564.3371674423 18.444177 0.135693922062775
56564.3416313194 18.575021 0.143253259535247
56564.3460875927 18.274822 0.126763893712282
56564.3505813312 18.289497 0.127749582088993
