53636.347486007 17.96038 0.118124978592622
53636.3552216897 17.8873 0.114841717835222
53636.362950197 18.03189 0.121117070565195
53636.3706918983 18.024649 0.121119548881602
53644.2702629976 17.998219 0.119100735484527
53644.2774766665 18.077574 0.122689661369368
53644.2846357059 17.963411 0.11737256994945
53644.2917960184 18.079525 0.122632242571414
53654.2428304863 18.033402 0.086826997147664
53654.24921669 18.127223 0.0891607152200178
53654.25563772 18.060883 0.0874610696025826
53654.2620287848 18.02338 0.0865208885447756
53667.1715014121 17.9399 0.113265914517355
53667.1782391318 18.145953 0.122326127953035
53667.18489919 17.918451 0.112178164580371
53667.1913950001 18.082304 0.119244535844545
53677.1979412036 17.984168 0.116329719932732
53677.2038750579 18.002806 0.11715135735851
53677.2098367014 17.978239 0.115992008070416
53677.2157873497 18.09655 0.121179105588637
53710.0775856711 18.005528 0.11498112929927
53710.0839673611 17.966752 0.113286525439386
53710.0903250808 18.111459 0.119555449213729
53710.0967295719 17.950781 0.112499948079698
53992.3512727893 17.980089 0.111343744159465
53992.357658403 17.845107 0.10603764789525
53992.3635677197 17.965196 0.110731872225949
53992.3721690741 17.955364 0.110919371474311
53993.4090414699 18.136419 0.116195810683852
53993.410635185 17.879317 0.107587924066802
53993.4122212618 17.964012 0.110601442591177
53993.4138050233 18.01654 0.113066280196411
54010.2668661573 17.892255 0.107677823292914
54010.2741763657 18.111313 0.116635528511504
54010.2814692012 17.758305 0.102962659392824
54010.2887704861 18.027036 0.113040272989873
54027.1759626041 18.06884 0.113279031202757
54027.1858693403 17.852471 0.104806957967324
54027.1958079166 18.041678 0.11189583347726
54027.2057581828 18.022412 0.111048008454594
54093.0868042475 17.999439 0.1112430550276
54093.0943543981 17.958945 0.109657970104395
54093.1018631021 17.94447 0.109453771012448
54093.1093802545 17.939859 0.109222431637401
54346.2824083795 17.980823 0.113112788848406
54346.2895949539 18.051047 0.115973363864798
54346.2967690392 18.133773 0.119249185412601
54346.3039683565 18.039451 0.114728721054788
54355.2326421295 17.902153 0.111534055564288
54355.2391483565 18.037181 0.116014805809759
54355.2456453242 17.958653 0.122582742085422
54355.252139051 17.958925 0.113694498335509
54377.2263331018 18.041524 0.114091430509521
54377.2344811922 17.931416 0.10967587849848
54377.2426321758 17.982939 0.111704604921861
54377.250756192 18.109829 0.117073694640012
54388.2528223493 18.029295 0.112774231292923
54388.2614294905 18.001294 0.111885170758176
54388.2700299188 17.976394 0.110897139465467
54388.2786360183 18.081631 0.115127278757668
54406.1485359608 18.027015 0.112984625730391
54406.1556723146 17.933504 0.109126674991616
54406.1628031135 18.171631 0.119038336852247
54406.1699579745 17.936251 0.109099611989023
54415.1470201272 18.189551 0.119967299191124
54415.1535824882 18.037889 0.113260300316012
54415.1601685765 18.030072 0.112988330981089
54415.1667713425 17.990694 0.111347226793622
54439.161664479 17.935263 0.109544318145735
54439.1637517363 17.942606 0.109586472827112
54439.1658590161 18.020168 0.112676992739057
54439.1679836689 18.039875 0.113533204496624
54715.2814590279 18.199621 0.121221362385029
54715.2888600924 18.248234 0.123137038362265
54715.2962722685 18.271843 0.124142207834407
54715.3036769214 18.049765 0.114074046479673
54729.2622874538 18.115462 0.116841997331141
54729.2686929861 18.09957 0.115954737343261
54729.2751414469 18.134173 0.117529774744751
54729.2815916552 18.333106 0.126850362939497
54740.26601625 18.161959 0.123227305812474
54740.2715235762 18.246683 0.126996994675779
54740.2769740857 18.050089 0.117913343512828
54740.2824271298 18.224046 0.125804792910982
54748.1552370717 18.259324 0.122723638846602
54748.1617771066 18.01789 0.111915387410713
54748.1683427082 18.239739 0.121503792264254
54748.1749818055 18.037234 0.112409156329186
54766.1893465044 18.141005 0.116455852832275
54766.1978904512 18.132765 0.1161978949991
54766.2063712035 18.268303 0.122567128017836
54766.214890949 18.0696 0.113745937383946
54776.1320745023 18.183889 0.117982232196479
54776.1392635186 18.128111 0.115391541044059
54776.146575104 18.114974 0.114756432899864
54776.1538069444 17.970013 0.108869971858908
55072.3294147222 18.0935 0.143196256015673
55072.337071146 17.969666 0.136193894035859
55072.3447283797 18.093264 0.143082511677379
55072.352436979 18.081017 0.142365135278623
55084.3123968636 18.11734 0.142987975698682
55084.3181105323 18.194054 0.147363496424015
55084.3240495717 17.555344 0.112215919226892
55084.3299325115 18.016961 0.136921025949666
55124.1534721875 18.118225 0.120331897689191
55124.1621549307 18.003783 0.115161431556106
55124.1707414812 18.076763 0.118060208894474
55124.1793450578 17.901461 0.110342578390167
55151.1345715858 18.190955 0.122148555807484
55151.1404193286 18.149353 0.120356044419319
55151.146253889 18.141755 0.119948233986143
55151.1520245485 18.059015 0.116319234738085
55450.3390334142 17.997741 0.110713196521959
55450.3523964929 17.855546 0.105249666165158
55450.3590803123 17.853126 0.105328361233494
55476.2253634026 17.92807 0.112447252167374
55476.2380406368 17.767837 0.106264317619385
55476.2443682868 18.091861 0.119459245338083
55502.2209592131 17.939966 0.112077744284204
55502.2358154166 17.954019 0.112737493737282
55502.243334109 17.952024 0.112649536795913
55510.1313966783 17.975146 0.113206052981594
55510.1473621065 17.976214 0.113012434653554
55510.1554112383 18.120364 0.11924220849308
55530.1273583449 18.034613 0.115225827289374
55530.1365971295 18.123413 0.11923988702489
55530.1411691089 18.170948 0.121328520653317
55822.3632841436 18.065664 0.115436171896351
55822.3700573146 17.803226 0.105056780089623
55822.3768456481 18.190777 0.12112202738037
55822.3837028239 17.974867 0.111874516784893
55833.2946269098 17.994856 0.114437528757941
55833.2980501042 17.927961 0.111757581792584
55833.301522396 17.91613 0.111142756254966
55833.3049664581 18.055028 0.118858825993965
55849.2565654167 18.186888 0.121191528173128
55849.2633418287 18.149513 0.119666121797092
55849.2701832522 17.827914 0.106286964855969
55849.2770027085 18.044323 0.115083150673648
55857.2597329396 17.925781 0.100178933006456
55857.2679759724 18.046106 0.104340059691449
55857.2762604862 18.020704 0.103496747193011
55857.2845572106 17.948421 0.101196561477788
55864.1493344791 18.034096 0.114687213756264
55864.1550435531 18.006039 0.113425585506738
55864.1607404859 18.146533 0.119600136560793
55864.1664537271 18.144269 0.119384383648852
55882.1476311688 17.988897 0.112567341418877
55882.1532459143 18.077314 0.116352803405771
55882.1588774654 18.042931 0.114959172290015
55882.1645694212 17.854283 0.107487932236971
55930.0643645716 18.001536 0.113599501047173
55930.0695114699 18.188341 0.122323544434257
55930.0746758794 17.966984 0.112649536795913
55930.0798429167 17.969088 0.112888449396009
56165.2779665277 18.381081 0.143115651622656
56165.2839878937 17.945643 0.122944120841719
56165.3027155441 18.214075 0.131221159222796
56165.3192555211 18.160771 0.125617557424268
56185.2722284262 18.035606 0.106151414095779
56185.2776343635 18.143712 0.110205819367322
56185.283145822 18.087652 0.10794195711815
56185.2886408794 18.181903 0.111523541377409
56205.2820078936 18.128524 0.120737774219772
56205.288701273 18.090831 0.119172543234596
56205.2954196874 18.010377 0.11580616230515
56205.3021505787 18.211828 0.1249863567554
56214.1942179743 18.248299 0.126910132784208
56214.2026194562 17.701174 0.103728702116906
56214.2111158567 18.108138 0.119945855358825
56214.2195938658 18.07736 0.118541683756093
56222.1699628127 17.965651 0.114459060927102
56222.1744362963 17.975014 0.115105208217393
56222.1789518404 18.174294 0.123815224952942
56222.1834205901 17.970255 0.114596507084339
56274.0656073381 18.040374 0.103909358185316
56274.0703558334 17.906359 0.0993888367159353
56274.0750576042 18.061044 0.104751220331391
56274.079804595 18.16593 0.108466597959323
56536.3079839354 18.001891 0.120569397426633
56536.3183335648 18.08388 0.124051943356466
56536.3286294793 18.16172 0.127996139840791
56536.339047859 18.268082 0.133611474466512
56547.287765984 18.094771 0.125767258914075
56547.2944635646 18.253288 0.133732337183688
56547.3012097338 18.287797 0.136013410692489
56547.3079313887 18.189616 0.130562693071586
56558.2603168865 18.187172 0.125758601685986
56558.2696726043 18.217265 0.127346826518869
56558.2789398842 18.161605 0.123896645980268
56558.2882595947 17.972693 0.115543995379849
56564.3371674423 18.152177 0.120857932793735
56564.3416313194 18.316621 0.128823288461943
56564.3460875927 18.125222 0.119633113324988
56564.3505813312 18.097097 0.118587099539511
