53644.2702629976 18.703719 0.159332901709199
53644.2774766665 18.565574 0.14984766455422
53644.2846357059 18.398011 0.139412425788319
53644.2917960184 18.574125 0.150196540749072
53654.2428304863 18.621702 0.104218015868753
53654.24921669 18.556223 0.101917660573301
53654.25563772 18.612483 0.103839213648501
53654.2620287848 18.38818 0.0964417425048542
53667.1715014121 18.4701 0.139373780741121
53667.1782391318 18.585853 0.146296666293029
53667.18489919 18.494951 0.140524307744923
53667.1913950001 18.785104 0.159367779311349
53677.1979412036 18.650868 0.152359093059632
53677.2038750579 18.618106 0.150224803623346
53677.2098367014 18.639139 0.151464379223414
53677.2157873497 18.46355 0.140391772021483
53710.0775856711 18.471128 0.138008830399838
53710.0839673611 18.771452 0.156850561676464
53710.0903250808 18.621059 0.146907286736854
53710.0967295719 18.515281 0.140281681557681
53992.3512727893 18.255089 0.123405977878409
53992.357658403 18.287107 0.124784347571554
53992.3635677197 18.243096 0.122804819968855
53992.3721690741 18.440364 0.133574932666487
53993.4090414699 18.053019 0.112686151122614
53993.410635185 18.298417 0.125706718536416
53993.4122212618 17.969312 0.110811815544134
53993.4138050233 18.41464 0.131753866508458
54010.2668661573 18.575855 0.140066835890258
54010.2741763657 18.192113 0.120237917361448
54010.2814692012 18.809105 0.155059941329003
54010.2887704861 18.414236 0.131142819784265
54027.1759626041 18.64424 0.142055159643681
54027.1858693403 18.211271 0.119288745542892
54027.1958079166 18.445478 0.130542632395681
54027.2057581828 18.373912 0.126784742593182
54093.0868042475 18.539139 0.137065808806506
54093.0943543981 18.504445 0.135139709009846
54093.1018631021 18.56607 0.139159821070413
54093.1093802545 18.726359 0.14885664232538
54346.2824083795 18.307123 0.128082880976202
54346.2895949539 18.568947 0.142434877899287
54346.2967690392 18.437673 0.134406524743694
54346.3039683565 18.448951 0.134526414393294
54355.2326421295 18.375853 0.133802110898576
54355.2391483565 18.572281 0.143529943583744
54355.2456453242 18.478253 0.151762473537496
54355.252139051 18.261825 0.127602541794005
54377.2263331018 18.479524 0.135262120016642
54377.2344811922 18.223816 0.122228204163596
54377.2426321758 18.337939 0.12778337204465
54377.250756192 18.594329 0.141949323096089
54388.2528223493 18.256395 0.122802198463296
54388.2614294905 18.504094 0.135884489452099
54388.2700299188 18.676094 0.146066233728841
54388.2786360183 18.168931 0.118946140621648
54406.1485359608 18.409115 0.130807687228479
54406.1556723146 18.551004 0.13842892269098
54406.1628031135 18.268731 0.123553431426504
54406.1699579745 18.386851 0.129299511754491
54415.1470201272 18.557251 0.138896217253345
54415.1535824882 18.665989 0.145232541984153
54415.1601685765 18.575672 0.139879306879491
54415.1667713425 18.445794 0.132545830384535
54439.161664479 18.463463 0.134030783623175
54439.1637517363 18.441606 0.132503312811239
54439.1658590161 18.538468 0.137864370270791
54439.1679836689 18.409375 0.130834646709381
54715.2814590279 18.511521 0.137259760751486
54715.2888600924 18.429734 0.132309123707958
54715.2962722685 18.735543 0.150241766436751
54715.3036769214 18.450865 0.133218841462564
54729.2622874538 18.378362 0.129334942615568
54729.2686929861 18.56447 0.139279488582544
54729.2751414469 18.339573 0.127207642442757
54729.2815916552 18.371806 0.12881059778509
54740.26601625 18.380259 0.134410264268254
54740.2715235762 18.633683 0.149037559108282
54740.2769740857 18.411489 0.135939126700525
54740.2824271298 18.297746 0.129532118877568
54748.1552370717 18.524424 0.136426723605225
54748.1617771066 18.52329 0.136072164364624
54748.1683427082 18.696439 0.146255600760903
54748.1749818055 18.582334 0.139027784471627
54766.1893465044 18.617105 0.140612924993842
54766.1978904512 18.522265 0.135323484325801
54766.2063712035 18.522403 0.135624169406635
54766.214890949 18.2858 0.123403304136803
54776.1320745023 18.367589 0.126630179848726
54776.1392635186 18.403011 0.128225885148662
54776.146575104 18.328174 0.124417362931017
54776.1538069444 18.279913 0.122071676473587
55072.3294147222 18.7218 0.190084168841243
55072.337071146 18.511466 0.172533910633826
55072.3447283797 18.653364 0.183866640658266
55072.352436979 18.653417 0.183900747685715
55084.3123968636 19.14664 0.231165284085947
55084.3181105323 18.191454 0.147200347204298
55084.3240495717 18.257044 0.14825387916868
55084.3299325115 18.766161 0.191327352276184
55124.1534721875 18.623925 0.147739659480586
55124.1621549307 18.224783 0.125260589677127
55124.1707414812 18.803063 0.159165859996142
55124.1793450578 18.595961 0.144874176977385
55151.1345715858 18.555155 0.141447178784109
55151.1404193286 18.676553 0.149153104991538
55151.146253889 18.532455 0.140207000860344
55151.1520245485 18.380215 0.131760793368386
55450.3390334142 18.535141 0.136182098433028
55450.3523964929 18.635346 0.141871287937939
55450.3590803123 18.297326 0.12395104652794
55476.2253634026 18.48227 0.139614886285705
55476.2380406368 18.514337 0.141542531729122
55476.2443682868 18.551661 0.143697868595172
55502.2209592131 18.593166 0.144998241827821
55502.2358154166 18.626719 0.147231872077111
55502.243334109 18.424624 0.135250628634332
55510.1313966783 18.274146 0.126811570839811
55510.1473621065 18.436014 0.135029135738116
55510.1554112383 18.492464 0.138228677398798
55530.1273583449 18.376513 0.131501934205545
55530.1365971295 18.433713 0.134748542225609
55530.1411691089 18.287848 0.126976007210298
55822.3632841436 18.368564 0.129717432062647
55822.3700573146 18.720626 0.150117505355519
55822.3768456481 18.514677 0.137814974212446
55822.3837028239 18.385967 0.130895378516702
55833.2946269098 18.254256 0.126314469234456
55833.2980501042 18.402961 0.134175395786955
55833.301522396 18.69663 0.151639474463984
55833.3049664581 18.183228 0.124862749827515
55849.2565654167 18.492988 0.136888928410632
55849.2633418287 18.399513 0.131990229295208
55849.2701832522 18.748014 0.152508075896464
55849.2770027085 18.225923 0.123267215894052
55857.2597329396 18.589281 0.12740752819161
55857.2679759724 18.651106 0.130656450732326
55857.2762604862 18.529104 0.124566969449445
55857.2845572106 18.133021 0.107775593599712
55864.1493344791 18.312096 0.127541472463241
55864.1550435531 18.422939 0.133233305272932
55864.1607404859 18.547133 0.140338885102712
55864.1664537271 18.094269 0.117157834570127
55882.1476311688 18.403597 0.131993716640908
55882.1532459143 18.280314 0.125747063532889
55882.1588774654 18.368131 0.130296243594827
55882.1645694212 18.417383 0.133006216407151
55930.0643645716 17.681936 0.101597779685451
55930.0695114699 18.593541 0.144142757162193
55930.0746758794 17.717084 0.103200239546016
55930.0798429167 18.946188 0.168742757005175
56165.2779665277 18.752981 0.168538966142473
56165.2839878937 18.199443 0.136048652259599
56165.3027155441 18.364775 0.139588979637005
56165.3192555211 18.418971 0.139455410756117
56185.2722284262 18.271306 0.115503257677171
56185.2776343635 18.456112 0.123820648303129
56185.283145822 18.512252 0.126440968281851
56185.2886408794 18.577703 0.129645785850969
56205.2820078936 18.304324 0.129325274116664
56205.288701273 18.466831 0.138366227735236
56205.2954196874 18.826777 0.161922057395157
56205.3021505787 18.678928 0.151604398606154
56214.1942179743 18.732799 0.155384188018859
56214.2026194562 18.080274 0.118835892789457
56214.2111158567 18.360638 0.13245024301392
56214.2195938658 18.40026 0.134586517496948
56222.1699628127 18.218951 0.12603677082063
56222.1744362963 18.278514 0.129351060492806
56222.1789518404 18.556194 0.144637059603966
56222.1834205901 18.372555 0.133956855346621
56274.0656073381 18.493574 0.122483986673215
56274.0703558334 18.360559 0.116479041646414
56274.0750576042 18.400944 0.118369762400156
56274.079804595 18.32893 0.115037091262996
56536.3079839354 18.366091 0.139451111097585
56536.3183335648 18.53918 0.149574009957738
56536.3286294793 18.34252 0.137732792386216
56536.339047859 18.696682 0.160462457502375
56547.287765984 18.575571 0.153578021907702
56547.2944635646 18.412488 0.142860714506582
56547.3012097338 18.485797 0.147824911482156
56547.3079313887 18.801116 0.169844074973803
56558.2603168865 18.410472 0.137609865786851
56558.2696726043 18.870565 0.168243281177754
56558.2789398842 19.153005 0.19067041310323
56558.2882595947 18.747793 0.158531198229906
56564.3371674423 18.820377 0.159416649613449
56564.3416313194 18.351321 0.130626284138712
56564.3460875927 18.749122 0.154487323185899
56564.3505813312 18.773097 0.156469554564431
