53636.347486007 20.15718 0.332805159031451
53636.362950197 19.81449 0.275875656778564
53636.3706918983 19.359849 0.219150606854785
53644.2702629976 19.961719 0.296706686274132
53644.2774766665 20.272474 0.351159251323476
53644.2846357059 20.004111 0.302872136788619
53644.2917960184 19.875025 0.282550210366185
53654.2428304863 19.784102 0.165596075209975
53654.24921669 19.454923 0.143310341273687
53654.25563772 19.588183 0.151686292415996
53654.2620287848 19.95208 0.178677440859423
53667.1715014121 20.2337 0.329789738557776
53667.1782391318 20.346153 0.350675018915177
53667.18489919 20.029151 0.294389623526647
53667.1913950001 19.507104 0.224551885248256
53677.1979412036 20.536468 0.396337194787969
53677.2038750579 19.400806 0.216424682882348
53677.2098367014 19.623939 0.241978163795696
53677.2157873497 19.21765 0.197405812317456
53710.0775856711 20.106628 0.303722629272892
53710.0839673611 19.655952 0.239438602046599
53710.0903250808 20.100859 0.302502224363852
53710.0967295719 19.850281 0.264348934959802
53992.3512727893 20.258689 0.318772500582553
53992.357658403 20.038707 0.282679950829967
53992.3635677197 20.046496 0.284294523154373
53992.3721690741 20.031964 0.284294523154373
53993.4090414699 19.840319 0.249939080129294
53993.410635185 19.682717 0.235765100489118
53993.4122212618 19.681612 0.23486720983693
53993.4138050233 19.63424 0.230250068354399
54010.2668661573 19.943655 0.268413393474831
54010.2741763657 19.526713 0.217023403430415
54010.2814692012 19.678205 0.234422194853543
54010.2887704861 19.448636 0.208725777742211
54027.1759626041 19.39854 0.200132948611814
54027.1858693403 19.552971 0.215526778798277
54027.1958079166 19.427278 0.202283244766374
54027.2057581828 19.774412 0.240391345796163
54093.0868042475 20.305639 0.323153426659059
54093.0943543981 19.998445 0.274080850808276
54093.1018631021 20.62877 0.388500097444281
54346.2824083795 19.270623 0.19591834133683
54346.2895949539 19.731647 0.246303987350745
54346.2967690392 20.057873 0.291034558778287
54346.3039683565 19.830351 0.256873278207201
54355.2326421295 19.691753 0.246619986023616
54355.2391483565 19.464181 0.216733054056322
54355.2456453242 19.942653 0.312452234418665
54355.252139051 19.784225 0.258185387964686
54377.2263331018 18.923024 0.163719471623709
54377.2344811922 20.098616 0.293419524714409
54377.2426321758 19.745339 0.243708335734453
54377.250756192 19.643529 0.231472856717286
54388.2528223493 19.992395 0.274318164542678
54388.2614294905 19.513594 0.215261583425633
54388.2700299188 19.784994 0.246995043923412
54388.2786360183 20.017831 0.278613516111905
54406.1485359608 19.806415 0.249879150378117
54406.1556723146 20.131604 0.296060485951121
54406.1628031135 19.545031 0.218355146489066
54406.1699579745 19.440951 0.207133299465056
54415.1470201272 19.750651 0.242605464632946
54415.1535824882 19.239189 0.188102392361706
54415.1601685765 19.391772 0.202578710327804
54415.1667713425 19.239594 0.188175945546268
54439.1637517363 19.749406 0.242578085722044
54439.1658590161 19.762568 0.244209631087122
54439.1679836689 19.335775 0.197463198496109
54715.2814590279 19.309121 0.196381912399085
54715.2888600924 19.424934 0.206966153865129
54715.2962722685 19.649443 0.231188893297279
54715.3036769214 20.663565 0.398279693724482
54729.2622874538 20.646062 0.394197017569165
54729.2686929861 20.56317 0.37530332896457
54729.2815916552 19.306906 0.194603379498045
54740.26601625 19.701959 0.248778308074069
54740.2715235762 19.717283 0.249759430184971
54740.2824271298 20.082246 0.30260777299912
54748.1617771066 20.18179 0.301871106433189
54766.1893465044 20.249705 0.310671107558457
54766.1978904512 19.990065 0.270783019573862
54766.214890949 19.2927 0.191146282663332
54776.1320745023 20.080689 0.282507015431576
54776.1392635186 19.078811 0.17134551828296
55072.352436979 20.817317 0.591015304025047
55084.3181105323 19.765554 0.31914132426466
55124.1534721875 19.673825 0.242907239143346
55124.1793450578 20.622461 0.401772962278301
55151.1345715858 20.233755 0.321004085140303
55450.3590803123 19.589726 0.221035706948805
55476.2253634026 19.47727 0.220789611374144
55502.2209592131 21.137666 0.541795415527444
55502.243334109 19.881024 0.268971995124656
55510.1313966783 21.037046 0.508595383194366
55530.1365971295 20.178413 0.3122207585011
55530.1411691089 20.483648 0.36892649685518
55822.3632841436 19.618564 0.229299900273891
55822.3700573146 20.046126 0.286070870986527
55822.3768456481 20.307377 0.330196343103906
55833.2946269098 20.377856 0.351807828442498
55833.301522396 20.11573 0.304580086452916
55833.3049664581 19.705728 0.250903844485119
55849.2565654167 20.155088 0.304849483468221
55849.2701832522 19.844714 0.258483404817962
55857.2597329396 19.617181 0.200826371573976
55857.2679759724 19.657006 0.204896319140481
55857.2762604862 20.340804 0.291176055643099
55857.2845572106 20.152821 0.264348934959802
55864.1493344791 20.672096 0.407053354487571
55864.1607404859 19.676233 0.237772964370153
55864.1664537271 20.700169 0.412911119576824
55882.1476311688 19.883697 0.26392427066941
55882.1532459143 19.607314 0.229115913186174
55882.1588774654 19.608231 0.229438187499028
55882.1645694212 19.470983 0.214378720535878
55930.0643645716 19.965136 0.277295909370363
56165.2779665277 19.421481 0.23271590862718
56165.2839878937 20.104443 0.345238916999181
56165.3027155441 20.426675 0.390011302733033
56165.3192555211 20.328071 0.357631065069176
56185.2722284262 19.698006 0.215431945665039
56185.2776343635 19.856112 0.23305411284379
56185.283145822 20.340952 0.29994900569062
56185.2886408794 19.384503 0.184472212169975
56205.2820078936 19.249824 0.19650896321088
56205.288701273 19.826131 0.263150968702653
56205.2954196874 19.606277 0.235389703248438
56205.3021505787 19.515228 0.22463824871901
56214.2026194562 20.190274 0.32013092413811
56214.2111158567 20.736238 0.433282494122019
56222.1744362963 19.553814 0.231401768507097
56222.1789518404 19.953594 0.283855477767638
56274.0656073381 20.378374 0.295862480100085
56274.079804595 20.35573 0.29202932513566
56536.3079839354 20.878891 0.50394284503612
56536.3183335648 19.85928 0.283986989927771
56536.3286294793 20.02442 0.310614135655135
56536.339047859 20.707782 0.455003285277174
56547.2944635646 19.867588 0.288200300303225
56547.3012097338 20.249497 0.356107732782629
56547.3079313887 19.849516 0.286115700915179
56558.2696726043 19.708265 0.253334658561285
