53636.347486007 17.98618 0.119277104251157
53636.3552216897 18.067 0.122904631577782
53636.362950197 18.13769 0.12619724725768
53636.3706918983 18.187849 0.129100512209002
53644.2702629976 18.058919 0.121890509654066
53644.2774766665 18.135274 0.125474283485008
53644.2846357059 18.213511 0.129299511754491
53644.2917960184 18.140925 0.125600330798756
53654.2428304863 18.236102 0.0920926361907173
53654.24921669 18.175223 0.090417558619636
53654.25563772 18.080383 0.0879478109533034
53654.2620287848 18.11758 0.0888637226636449
53667.1715014121 17.9111 0.112086694443258
53667.1782391318 18.234353 0.126612394303331
53667.18489919 18.146351 0.122145990634599
53667.1913950001 18.088804 0.119536651940917
53677.1979412036 18.031068 0.118390065728975
53677.2038750579 18.069206 0.120127449883948
53677.2098367014 18.169639 0.124764775235235
53677.2157873497 18.19585 0.125937975080042
53710.0775856711 18.159928 0.121865080809648
53710.0839673611 18.131052 0.120450410519913
53710.0903250808 17.963259 0.113144460756511
53710.0967295719 18.228981 0.124938543136638
53992.3512727893 17.917389 0.108881008153301
53992.357658403 18.071307 0.114967151933686
53992.3635677197 18.027596 0.113260300316012
53992.3721690741 17.880064 0.107992090570556
53993.4090414699 18.023319 0.111479785641739
53993.410635185 18.069817 0.115221799015221
53993.4122212618 18.206912 0.121015613897275
53993.4138050233 17.92414 0.109366764323954
54010.2668661573 17.638355 0.098839610894715
54010.2741763657 18.129513 0.117431418216491
54010.2814692012 17.957905 0.11035428663939
54010.2887704861 18.011336 0.112394662483765
54027.1759626041 18.03214 0.111780573129137
54027.1858693403 17.897971 0.106463210239318
54027.1958079166 18.003778 0.110382748876391
54027.2057581828 18.002512 0.110260768445221
54093.0868042475 17.751139 0.102059398285727
54093.0943543981 17.831545 0.104886819646004
54093.1018631021 18.07907 0.114921293695792
54093.1093802545 17.907359 0.107975366658762
54346.2824083795 17.983123 0.113209789496342
54346.2895949539 18.039747 0.115486978575971
54346.2967690392 17.891673 0.109121896096022
54346.3039683565 17.921851 0.109941093356166
54355.2326421295 18.131553 0.121473673579794
54355.2391483565 17.859381 0.108773999136509
54355.2456453242 18.142653 0.131823215639195
54355.252139051 17.960825 0.113774558163679
54377.2263331018 18.167124 0.119567202977596
54377.2344811922 17.835316 0.106039050415546
54377.2426321758 18.054039 0.114639848613702
54377.250756192 17.974729 0.111408189764652
54388.2528223493 18.187995 0.119628395941729
54388.2614294905 17.981894 0.111106536628477
54388.2700299188 17.850294 0.106078317240956
54388.2786360183 18.038031 0.113297775373671
54406.1485359608 17.869515 0.106822590047186
54406.1556723146 18.112704 0.11646638986045
54406.1628031135 18.030431 0.112960547510364
54406.1699579745 17.942451 0.109342650463851
54415.1470201272 17.992151 0.111511283118314
54415.1535824882 18.089189 0.115413849837265
54415.1601685765 17.968972 0.110527208778946
54415.1667713425 18.044694 0.113554019936654
54439.161664479 17.989463 0.111690495253746
54439.1637517363 17.828506 0.105298480793518
54439.1658590161 17.959868 0.110255767374243
54439.1679836689 18.128875 0.117331227976266
54715.2814590279 18.138421 0.118435240950845
54715.2888600924 18.141334 0.118212322277841
54715.2962722685 18.124043 0.117333404316512
54715.3036769214 18.114265 0.116827047162109
54729.2622874538 18.079462 0.115290375673217
54729.2686929861 18.37017 0.128677650825562
54729.2751414469 18.091273 0.115668623168709
54729.2815916552 17.802406 0.104342662887652
54740.26601625 18.376059 0.134179110706593
54740.2715235762 18.360783 0.132934434808578
54740.2769740857 17.915889 0.112217720325427
54740.2824271298 18.128246 0.12121638894956
54748.1552370717 18.141624 0.117350805118639
54748.1617771066 17.80369 0.103818847609599
54748.1683427082 17.911339 0.107703355044133
54748.1749818055 17.758334 0.101997201248952
54766.1893465044 18.153505 0.116998397300166
54766.1978904512 18.033865 0.112059853227008
54766.2063712035 17.988303 0.110444799266984
54766.214890949 17.9734 0.109863858840804
54776.1320745023 18.055089 0.112496311229631
54776.1392635186 17.957511 0.108492972720965
54776.146575104 17.964774 0.108700309629358
54776.1538069444 17.869413 0.105121345976483
55072.3294147222 17.9058 0.132492694869142
55072.337071146 18.117666 0.144898958743175
55072.3447283797 18.034364 0.139588979637005
55072.352436979 18.157717 0.14708495778189
55084.3123968636 17.78804 0.125053985772418
55084.3181105323 18.020954 0.13700541178442
55084.3240495717 17.933744 0.129629523822342
55084.3299325115 17.837061 0.127316518519083
55124.1534721875 17.989825 0.114679311374692
55124.1621549307 17.962283 0.113418051785747
55124.1707414812 18.149763 0.121380993268059
55124.1793450578 17.831861 0.10765681827685
55151.1345715858 18.006955 0.113987309552153
55151.1404193286 17.874253 0.108789706473473
55151.146253889 17.941155 0.111361145004513
55151.1520245485 18.073615 0.116955461108458
55450.3390334142 17.969641 0.109604325938569
55450.3523964929 18.013746 0.111272526517839
55450.3590803123 17.941326 0.108615917939781
55476.2253634026 17.99067 0.115057107070639
55476.2380406368 17.851137 0.109416675562878
55476.2443682868 17.859261 0.109672622558399
55502.2209592131 18.060766 0.117175126816532
55502.2358154166 18.078719 0.118060208894474
55502.243334109 17.982324 0.113902773358791
55510.1313966783 17.866146 0.108858940510028
55510.1473621065 18.018114 0.11475841028573
55510.1554112383 17.705264 0.102787035755307
55530.1273583449 18.065013 0.116531810969743
55530.1365971295 17.966513 0.112498131819456
55530.1411691089 17.867848 0.108522487221899
55822.3632841436 17.818464 0.105672030849609
55822.3700573146 17.885726 0.108114056031484
55822.3768456481 17.794877 0.104910833042467
55822.3837028239 17.972467 0.111777035667304
55833.2946269098 17.978256 0.1137421245378
55833.2980501042 17.923461 0.111577903837495
55833.301522396 17.72803 0.104063161066349
55833.3049664581 17.734728 0.105857600296442
55849.2565654167 17.808188 0.105588039961409
55849.2633418287 17.809413 0.105784025765673
55849.2701832522 18.068214 0.115857660276041
55849.2770027085 17.854623 0.107496867685778
55857.2597329396 18.049681 0.104423532368151
55857.2679759724 17.900406 0.0993909092997088
55857.2762604862 17.990104 0.102435143426489
55857.2845572106 18.091421 0.106224739029255
55864.1493344791 17.800496 0.105524902129472
55864.1550435531 17.962739 0.111657019491351
55864.1607404859 17.891833 0.108934689558864
55864.1664537271 18.065869 0.115923717745519
55882.1476311688 18.000397 0.113038414365114
55882.1532459143 18.074914 0.11625222443472
55882.1588774654 17.905531 0.10938285325577
55882.1645694212 17.880183 0.108469698725981
55930.0643645716 18.012536 0.114058609787899
55930.0695114699 17.903741 0.110058222830704
55930.0746758794 17.969084 0.112735660908552
55930.0798429167 18.212788 0.123723206913529
56165.2779665277 17.999681 0.122653110100449
56165.2839878937 17.840743 0.118116037946192
56165.3027155441 17.912675 0.116735378438236
56165.3192555211 17.859071 0.112108186554274
56185.2722284262 17.964906 0.10361116490747
56185.2776343635 18.026712 0.105770169858633
56185.283145822 18.078852 0.107607374534233
56185.2886408794 18.104203 0.10847745426366
56205.2820078936 17.858624 0.109310535064355
56205.288701273 17.875931 0.110119477822494
56205.2954196874 17.782877 0.106715646354864
56205.3021505787 18.277328 0.128253938777308
56214.1942179743 18.038099 0.117060770013378
56214.2026194562 18.049174 0.117453245546002
56214.2111158567 18.220538 0.125263432161109
56214.2195938658 17.93106 0.112300621969333
56222.1699628127 17.864751 0.110349271080209
56222.1744362963 17.870014 0.11078967731489
56222.1789518404 18.090494 0.119893498850245
56222.1834205901 17.965855 0.114408190534326
56274.0656073381 17.996174 0.102370680409372
56274.0703558334 17.856759 0.0978075396190186
56274.0750576042 18.058544 0.104661263150299
56274.079804595 18.07613 0.105129430671328
56536.3079839354 17.954891 0.118437503805391
56536.3183335648 18.06688 0.123237944064885
56536.3286294793 17.90002 0.115758868284605
56536.339047859 17.997082 0.120084342386219
56547.287765984 18.098271 0.125943776809845
56547.2944635646 18.174588 0.129551576188491
56547.3012097338 18.046697 0.123518513360135
56547.3079313887 17.841816 0.114219235618307
56558.2603168865 18.128972 0.122941487259644
56558.2696726043 17.901165 0.112936491315421
56558.2789398842 17.936905 0.113824237671535
56558.2882595947 18.059893 0.119382045012296
56564.3371674423 17.840377 0.107801228968366
56564.3416313194 18.048921 0.116202069216419
56564.3460875927 18.130922 0.119893498850245
56564.3505813312 18.073497 0.117538532046533
