53636.347486007 19.37198 0.22029999155289
53636.3552216897 19.6278 0.250570942964309
53644.2702629976 19.705519 0.259082529035035
53644.2774766665 19.679874 0.255452859498913
53644.2846357059 19.546711 0.238211938347772
53644.2917960184 19.673625 0.254181874325949
53654.2428304863 19.925102 0.176650810184667
53654.24921669 19.362523 0.137872612782404
53654.25563772 19.638083 0.155034618493327
53654.2620287848 19.73908 0.16207724349097
53667.1715014121 19.1854 0.192136049386528
53667.1782391318 19.580453 0.233418153667393
53667.1913950001 19.364504 0.209173167476739
53677.1979412036 19.391568 0.215412999347024
53677.2038750579 19.629506 0.242934731452503
53677.2098367014 19.875639 0.275875656778564
53677.2157873497 19.62425 0.241734033566812
53710.0839673611 19.600452 0.232764133018597
53710.0903250808 19.653159 0.239097375493935
53710.0967295719 19.885581 0.269271329087007
53992.3512727893 19.139689 0.180398812088103
53992.357658403 19.428407 0.20684940537327
53992.3635677197 19.449296 0.209276841503976
53992.3721690741 19.775564 0.248542206775079
53993.4090414699 18.497319 0.133747011941984
53993.410635185 19.682517 0.235765100489118
53993.4122212618 19.025212 0.170881449929318
53993.4138050233 19.50424 0.21571684001826
54010.2668661573 19.490955 0.213011529449101
54010.2741763657 19.214413 0.186460100132101
54010.2814692012 19.686705 0.235439638164435
54010.2887704861 19.316536 0.195722740004321
54027.1759626041 19.28994 0.189932201828389
54027.1858693403 19.357671 0.195890358256762
54027.1958079166 19.388078 0.198476363771841
54027.2057581828 19.466312 0.206005118650442
54093.0868042475 19.900339 0.260293390751553
54093.0943543981 19.081545 0.173835455067542
54093.1093802545 19.705959 0.236445461319544
54346.2824083795 19.413523 0.210059664593874
54346.2895949539 19.113947 0.181639494429477
54346.2967690392 19.370373 0.204557724307708
54346.3039683565 19.575251 0.225420276508026
54355.2326421295 18.926353 0.169809283359714
54355.2391483565 19.297381 0.199669974293844
54355.2456453242 19.686553 0.272475353766102
54355.252139051 19.321025 0.204300953319333
54377.2263331018 19.338624 0.19885698958877
54377.2344811922 19.257916 0.191366233164339
54377.2426321758 19.443039 0.209328750146414
54377.250756192 18.848929 0.158483267080627
54388.2528223493 19.156995 0.180687564421864
54388.2614294905 19.009794 0.169264544102596
54388.2700299188 18.782894 0.152964216137343
54388.2786360183 19.021531 0.170009660718947
54406.1485359608 18.728415 0.149451724514756
54406.1556723146 18.889104 0.160141933199183
54406.1628031135 19.291231 0.192862865214869
54406.1699579745 19.139551 0.179279923539187
54415.1470201272 19.178451 0.183032057531873
54415.1535824882 18.968289 0.165876019356286
54415.1601685765 19.028972 0.170624500098411
54415.1667713425 19.310394 0.194658164502174
54439.161664479 19.130563 0.179562722109411
54439.1637517363 19.035306 0.171318629385129
54439.1658590161 18.899068 0.161045106159283
54439.1679836689 18.905675 0.161598573220709
54715.2814590279 18.988521 0.168930308515374
54715.2888600924 19.045834 0.172800804436739
54715.2962722685 18.773343 0.152735536185218
54715.3036769214 19.068565 0.174270433139426
54729.2622874538 19.116162 0.178102118446237
54729.2686929861 18.89097 0.160362496351537
54729.2751414469 19.265773 0.190862864911951
54729.2815916552 19.410406 0.204605982704832
54740.26601625 18.981259 0.174689958817026
54740.2715235762 18.864283 0.165025288623029
54740.2769740857 18.913489 0.169058594191529
54740.2824271298 19.424246 0.215148232702852
54748.1552370717 18.781724 0.152151390914635
54748.1617771066 18.80689 0.153480199248264
54748.1683427082 19.018539 0.168623775556843
54748.1749818055 18.896134 0.159145028292479
54766.1893465044 18.895405 0.158558609237983
54766.1978904512 19.298465 0.19118503556047
54766.2063712035 18.968303 0.164383429727377
54766.214890949 19.131 0.177110094458646
54776.1320745023 18.843689 0.154424855825085
54776.1392635186 19.248511 0.185445655882813
54776.146575104 18.427474 0.129386546750701
54776.1538069444 18.652113 0.141830037341711
55072.3294147222 19.4753 0.277993592985522
55072.337071146 19.522966 0.285668354190938
55072.3447283797 19.201264 0.240818527178957
55072.352436979 19.318717 0.255902243838608
55084.3123968636 19.03264 0.218295853601757
55084.3181105323 19.479854 0.273804761793072
55084.3240495717 17.541544 0.111657019491351
55084.3299325115 18.872261 0.201374469595689
55124.1534721875 19.131025 0.185797457324007
55124.1621549307 19.274983 0.198812953271684
55124.1707414812 19.197463 0.190952895157138
55124.1793450578 19.134861 0.184564192388794
55151.1345715858 19.061755 0.177029931052117
55151.1404193286 19.359453 0.20434901813081
55151.146253889 19.004055 0.172506382092583
55151.1520245485 19.359315 0.204316967699306
55450.3390334142 19.046241 0.170097031937196
55450.3523964929 19.105146 0.174622991580923
55450.3590803123 18.969926 0.16450019610072
55476.2253634026 18.83807 0.162898689441396
55476.2380406368 19.001237 0.175558831343476
55476.2443682868 19.241761 0.19657966031508
55502.2209592131 18.850966 0.16230728855905
55502.2358154166 19.138519 0.185504136598219
55502.243334109 18.943424 0.169393701843302
55510.1313966783 19.114846 0.182597234473362
55510.1473621065 19.101514 0.180967088140087
55510.1554112383 18.998864 0.172561459615611
55530.1273583449 19.067013 0.177613903788659
55530.1365971295 18.990813 0.171678348842323
55530.1411691089 18.966348 0.169618379695384
55822.3632841436 19.299964 0.195904343978798
55822.3700573146 18.802626 0.155588864534006
55822.3768456481 19.410077 0.206932774292886
55822.3837028239 19.351467 0.201343891363155
55833.2946269098 18.972756 0.171714459179302
55833.2980501042 19.263461 0.197105385662793
55833.301522396 19.33033 0.203268314649436
55833.3049664581 19.398028 0.214659243796112
55849.2565654167 19.052088 0.174910626633505
55849.2633418287 19.317613 0.198739626382419
55857.2597329396 19.425581 0.183233906403351
55857.2679759724 19.160806 0.16231472623308
55857.2762604862 19.439104 0.18465632466794
55857.2845572106 19.236921 0.168522020788935
55864.1493344791 18.679496 0.148470067257236
55864.1550435531 18.964839 0.168344459326894
55864.1607404859 19.179933 0.186198846880261
55864.1664537271 19.377569 0.204541649479635
55882.1476311688 18.609697 0.143750799747007
55882.1532459143 19.153214 0.183515484203155
55882.1588774654 19.088731 0.178204398393406
55882.1645694212 19.074783 0.17720042814332
55930.0643645716 19.379836 0.205693374272055
55930.0695114699 19.443441 0.213304811709489
55930.0746758794 19.162684 0.18629370628683
55930.0798429167 19.461688 0.215793016940723
56165.2779665277 19.460681 0.237413323183297
56165.2839878937 19.927243 0.31332471199678
56165.3027155441 19.662975 0.257690990821374
56165.3192555211 19.831871 0.273333360712613
56185.2722284262 19.295606 0.177492549086435
56185.2776343635 19.578312 0.202953927933382
56185.283145822 19.387152 0.18491048097651
56185.2886408794 19.048303 0.158135625794496
56205.2820078936 19.778024 0.256160112223877
56205.288701273 18.701031 0.152885843680415
56205.2954196874 19.340477 0.206103872833183
56205.3021505787 19.357328 0.207687944593954
56214.1942179743 19.247399 0.197091120186187
56214.2026194562 19.048374 0.179133870960539
56214.2111158567 19.275438 0.199269533831245
56214.2195938658 19.20346 0.19243890016987
56222.1699628127 19.352451 0.20865721335655
56222.1744362963 19.221114 0.196297365247988
56222.1789518404 19.162694 0.190236527450294
56222.1834205901 19.290155 0.20225222107383
56274.0656073381 19.367174 0.177857451735529
56274.0703558334 19.305759 0.17290240437392
56274.0750576042 19.285344 0.171498167929415
56274.079804595 19.49203 0.188495789844331
56536.3079839354 19.709891 0.26360710378879
56536.3183335648 19.57668 0.244967501031708
56536.3286294793 19.47122 0.232331247516755
56536.339047859 19.129882 0.196255127452232
56547.287765984 19.373071 0.223629877667458
56547.2944635646 19.154688 0.200268014379865
56547.3012097338 19.350797 0.221344532347632
56547.3079313887 19.800516 0.278737986198182
56558.2603168865 19.055272 0.183132886244077
56558.2696726043 19.949365 0.287561151297705
56558.2789398842 19.225805 0.197463198496109
56558.2882595947 19.100793 0.18643629853103
56564.3371674423 19.427277 0.212121243383959
56564.3416313194 19.141221 0.184633275592437
56564.3460875927 19.425322 0.211940992219478
56564.3505813312 20.013197 0.287515653749065
