53710.0775856711 18.911435 0.165956304063439
53710.0839673611 19.230959 0.192478523984317
53710.0903250808 19.042266 0.176087214946327
53710.0967295719 19.387488 0.207334445106949
53677.1979412036 18.965475 0.174279927799942
53677.2038750579 18.886713 0.168117102728514
53677.2098367014 18.769346 0.159305017250759
53677.2157873497 18.847657 0.164828682640949
53644.2702629976 18.887326 0.171922619607101
53644.2774766665 19.156281 0.19497418926837
53644.2846357059 19.047118 0.184864182075299
53644.2917960184 18.927732 0.174776195488661
53654.2428304863 18.882509 0.113656458671133
53654.24921669 19.01993 0.11959543029825
53654.25563772 18.83859 0.111791188424067
53654.2620287848 18.893087 0.113987309552153
53667.1715014121 18.700507 0.152759551275078
53667.1782391318 18.83116 0.161782093016065
53667.18489919 19.219758 0.193410551762989
53667.1913950001 18.730111 0.154481073898407
53636.347486007 18.916887 0.175588050385056
53636.3552216897 19.116807 0.192703520468457
53636.362950197 19.045797 0.186033220592776
53636.3706918983 18.728556 0.161270060771082
54093.0868042475 18.915646 0.160071009667139
54093.0943543981 18.660652 0.143296065859719
54093.1018631021 19.744377 0.239386006255074
54093.1093802545 19.073966 0.172616591406246
54010.2668661573 18.469762 0.133215227583333
54010.2741763657 18.54162 0.137304353073583
54010.2814692012 18.992512 0.167143937186874
54010.2887704861 19.061343 0.172286684227337
54027.1759626041 19.231847 0.18342522442685
54027.1858693403 18.794178 0.150230457145182
54027.1958079166 18.952485 0.160842864892781
54027.2057581828 19.095719 0.17148917253936
53992.3512727893 19.323396 0.195402773183156
53992.357658403 19.128014 0.177837112205421
53992.3635677197 18.334203 0.126482262986798
53992.3721690741 19.020871 0.170615659961161
53993.4090414699 19.150926 0.17672044440686
53993.410635185 19.023524 0.170044587655949
53993.4122212618 18.776919 0.151868191133021
53993.4138050233 19.239747 0.188261882186587
54439.161664479 19.29457 0.192637254101156
54439.1637517363 19.024113 0.169238754013358
54439.1658590161 19.609875 0.224207423048649
54439.1679836689 19.038382 0.17041284116887
54406.1485359608 19.286522 0.191366233164339
54406.1556723146 19.101011 0.175103275386821
54406.1628031135 19.265738 0.18911592233728
54406.1699579745 19.027958 0.169058594191529
54415.1470201272 19.146558 0.179009006721487
54415.1535824882 19.206896 0.183900747685715
54415.1601685765 19.474979 0.209398007997889
54415.1667713425 19.273301 0.189805867678522
54377.2263331018 19.232231 0.187565852748475
54377.2344811922 19.284323 0.192372930143301
54377.2426321758 19.082546 0.174901009521769
54377.250756192 19.151236 0.180655406034774
54388.2528223493 19.311102 0.192956015664288
54388.2614294905 19.073901 0.173078379895521
54388.2700299188 18.943101 0.163102548721894
54388.2786360183 19.215938 0.184760160069865
54346.2824083795 19.26853 0.194262074729955
54346.2895949539 19.056054 0.175529634539912
54346.2967690392 19.54408 0.221220845409695
54346.3039683565 18.982358 0.168319146480479
54355.2326421295 19.13046 0.185387236074544
54355.2391483565 19.165188 0.186021411786281
54355.2456453242 19.15536 0.206235783696301
54355.252139051 19.256932 0.196551369887548
54776.1320745023 19.137796 0.17511292433524
54776.1392635186 19.341318 0.192386122992168
54776.146575104 19.096981 0.171399339238657
54776.1538069444 19.21002 0.180559038959444
54740.26601625 19.142166 0.18701028267085
54740.2715235762 18.97069 0.172004302774361
54740.2769740857 19.047196 0.178543330516449
54740.2824271298 19.354053 0.206235783696301
54748.1552370717 18.709031 0.146466500562139
54748.1617771066 18.826597 0.15376819035439
54748.1683427082 18.729546 0.147358224477965
54748.1749818055 18.952341 0.162062444961626
54766.1893465044 18.959612 0.16204765114229
54766.1978904512 18.837972 0.153694479481569
54766.2063712035 19.33811 0.19389564201374
54766.214890949 18.902507 0.158517494837162
54715.2814590279 19.180828 0.183368885986804
54715.2888600924 18.417041 0.130814427128516
54715.2962722685 18.66725 0.144933676972666
54715.3036769214 19.082672 0.174166078841553
54729.2622874538 19.047069 0.171264889317617
54729.2686929861 19.304777 0.192862865214869
54729.2751414469 19.24838 0.187894494377668
54729.2815916552 18.996813 0.167094553704822
55072.3294147222 18.939107 0.209623617824577
55072.337071146 19.448973 0.272436540337664
55072.3447283797 18.963071 0.211940992219478
55072.352436979 19.063824 0.222888046376087
55151.1345715858 19.283062 0.195153545734906
55151.1404193286 18.42906 0.133571281473874
55151.146253889 19.115862 0.180398812088103
55151.1520245485 19.135922 0.182198896926763
55124.1534721875 19.167532 0.187650875503011
55124.1621549307 18.57049 0.143300823715304
55124.1707414812 19.11047 0.181902030175023
55124.1793450578 19.040468 0.175325708892691
55084.3123968636 18.578047 0.174137657328952
55084.3181105323 19.255861 0.241734033566812
55084.3240495717 18.623651 0.173385466436647
55502.2209592131 18.813873 0.158538047345427
55502.2358154166 19.333326 0.202190219485735
55502.243334109 19.627731 0.234077850940192
55510.1313966783 19.159153 0.185096047122556
55510.1473621065 19.065521 0.17667069710454
55510.1554112383 19.327871 0.200162938871229
55530.1273583449 19.30832 0.197693310043918
55530.1365971295 19.20372 0.188274173601661
55476.2253634026 19.270777 0.19795321755748
55476.2380406368 19.166044 0.1883110489306
55476.2443682868 19.414168 0.212229622807189
55450.3390334142 19.198248 0.181204729958599
55450.3523964929 19.124153 0.174901009521769
55450.3590803123 19.228933 0.184071570697479
55822.3632841436 18.892171 0.160900553705569
55822.3700573146 18.598633 0.141560722627771
55822.3768456481 19.210884 0.186579251556016
55822.3837028239 19.842774 0.255870073618294
55857.2597329396 18.981788 0.148911382725503
55857.2679759724 18.619113 0.128197855691484
55857.2762604862 19.011911 0.151052867363359
55857.2845572106 19.131628 0.159591629269259
55864.1493344791 18.761603 0.152819644601055
55864.1550435531 18.612846 0.1432247502116
55864.1607404859 18.35514 0.128934534941506
55864.1664537271 18.980276 0.168285412953291
55833.2946269098 18.840863 0.160612804917584
55833.2980501042 18.991968 0.172158961345647
55833.301522396 18.822537 0.15918670969586
55833.3049664581 19.164035 0.190109529102275
55849.2565654167 18.785895 0.154045745715359
55849.2633418287 19.52012 0.217862557294087
55849.2701832522 18.818621 0.15624121718973
55849.2770027085 18.73973 0.151313217846802
55882.1476311688 18.389104 0.130405894712883
55882.1532459143 19.195321 0.185832757494881
55882.1588774654 18.893738 0.161855704872539
55882.1645694212 19.22299 0.188619281968149
55930.0695114699 19.244848 0.192188610766624
55930.0746758794 18.803091 0.156876960671844
55930.0798429167 19.238195 0.192031075152625
56165.2779665277 19.287488 0.215888351533908
56165.2839878937 18.96545 0.190033466360305
56165.3027155441 18.790282 0.166905707961703
56165.3192555211 19.296278 0.206417610452788
56185.2722284262 18.893613 0.147242383683653
56185.2776343635 18.874219 0.145928612477635
56185.283145822 18.831859 0.143167788603686
56185.2886408794 18.91811 0.148378050141921
56205.2820078936 19.081231 0.180058580772846
56205.288701273 19.017238 0.175045402033423
56205.2954196874 18.345984 0.131071453158051
56205.3021505787 18.682435 0.150811318316103
56214.1942179743 18.692506 0.151633627631847
56214.2026194562 18.962181 0.170899220591282
56214.2111158567 19.132345 0.184702451415754
56214.2195938658 19.223267 0.192836276583179
56222.1699628127 19.012358 0.176028243284771
56222.1744362963 18.511821 0.141429042106935
56222.1789518404 18.658601 0.150134431344792
56222.1834205901 19.154662 0.188065651213654
56274.0656073381 18.971881 0.147953129129255
56274.0703558334 18.970366 0.147878285810317
56274.0750576042 18.621651 0.128154302632999
56274.079804595 19.067537 0.154120059900429
56536.3079839354 18.753998 0.163926918043186
56536.3183335648 18.570587 0.150611090163839
56536.3286294793 19.387227 0.220953575737799
56536.339047859 19.113389 0.193249728535075
56547.287765984 19.011778 0.186056852724986
56547.2944635646 19.013195 0.185738670553891
56547.3012097338 18.757804 0.165548250322295
56547.3079313887 18.882023 0.175035765646079
56558.2603168865 19.069679 0.183032057531873
56558.2696726043 18.693972 0.154387420071923
56558.2789398842 18.965612 0.173348148587356
56558.2882595947 19.2437 0.198170654589324
56564.3371674423 18.881284 0.162688224274899
56564.3416313194 18.479428 0.136752838340404
56564.3460875927 18.835329 0.159395702385043
56564.3505813312 18.725604 0.152204704517694
56574.2570773382 19.075956 0.177391633699953
56574.2655527894 19.389153 0.206219283817319
56574.2740245485 18.894351 0.163535832510888
56574.2825462846 19.004486 0.171696403487946
56590.1537735416 18.824616 0.162883628079864
56590.1618979285 18.91185 0.169376460283124
56590.1700511342 18.932717 0.170448057189896
56590.1782147568 18.877463 0.166400279817889
