53636.347486007 18.15458 0.127316518519083
53636.3552216897 18.3154 0.135701678680612
53636.362950197 17.93219 0.116641892321943
53636.3706918983 17.910449 0.11601273527924
53644.2702629976 17.928319 0.11601688157672
53644.2774766665 17.955074 0.117108185991375
53644.2846357059 18.105311 0.123902083697738
53644.2917960184 18.060125 0.121720545477399
53654.2428304863 18.071902 0.087773122712494
53654.24921669 17.958723 0.0850357080012707
53654.25563772 18.062783 0.0875073538956805
53654.2620287848 18.12998 0.0891840133115723
53667.1715014121 18.0167 0.116517021305338
53667.1782391318 18.115453 0.120902196730694
53667.18489919 18.102451 0.120110677651474
53667.1913950001 18.191904 0.124370415047346
53677.1979412036 17.795968 0.108654952785236
53677.2038750579 18.108406 0.121938881478822
53677.2098367014 18.094639 0.121198985438213
53677.2157873497 18.05765 0.119396068214023
53710.0775856711 17.997028 0.114618171559262
53710.0839673611 18.215652 0.124442247869686
53710.0903250808 18.000759 0.114708946337546
53710.0967295719 18.169181 0.122069117852782
53992.3512727893 18.114589 0.116976920959468
53992.357658403 18.025207 0.113040272989873
53992.3635677197 18.173196 0.119564849539829
53992.3721690741 18.080864 0.116122851462434
53993.4090414699 18.124119 0.115666573538599
53993.410635185 17.942917 0.110031778426446
53993.4122212618 18.054812 0.114306728042993
53993.4138050233 18.19834 0.121008202635183
54010.2668661573 17.939455 0.109487686088277
54010.2741763657 18.051513 0.114081772898094
54010.2814692012 17.978805 0.111185939887956
54010.2887704861 17.841436 0.10583536353898
54027.1759626041 17.95744 0.108836888777811
54027.1858693403 18.010171 0.110760758322814
54027.1958079166 18.126778 0.115432112435127
54027.2057581828 18.140212 0.115931984194295
54093.0868042475 18.322939 0.12563767000371
54093.0943543981 18.249845 0.122130597830887
54093.1018631021 18.18917 0.119753544343841
54093.1093802545 18.170859 0.118865710652093
54346.2824083795 18.070723 0.116927586871083
54346.2895949539 18.005447 0.114033537064188
54346.2967690392 17.867373 0.108189061805419
54346.3039683565 18.194251 0.121606931514772
54355.2326421295 18.182253 0.123874914620531
54355.2391483565 18.134181 0.120327071910196
54355.2456453242 18.396453 0.146502615715064
54355.252139051 18.249125 0.126961023522034
54377.2263331018 18.116924 0.117324710617625
54377.2344811922 18.144416 0.118580287026629
54377.2426321758 18.229639 0.122486580797569
54377.250756192 18.128229 0.117884509728375
54388.2528223493 18.095995 0.115572545907116
54388.2614294905 17.353394 0.0904568539118272
54388.2700299188 18.206794 0.120784308638384
54388.2786360183 17.782631 0.103562055948703
54406.1485359608 18.214715 0.121196497445231
54406.1556723146 18.020704 0.112591056648068
54406.1628031135 18.094031 0.115631788329676
54406.1699579745 18.119251 0.116605856891968
54415.1470201272 18.095351 0.115799988022067
54415.1535824882 18.242289 0.122282279278195
54415.1601685765 18.108972 0.11632133351417
54415.1667713425 18.172894 0.119098419703596
54439.161664479 18.027963 0.113264044513728
54439.1637517363 18.092806 0.115732172441945
54439.1658590161 18.103368 0.116177028257194
54439.1679836689 18.048675 0.113897018195737
54715.2814590279 18.055321 0.114821860353478
54715.2888600924 17.905334 0.108468150193186
54715.2962722685 17.934743 0.10949900139986
54715.3036769214 17.927765 0.109161741962215
54729.2622874538 17.938362 0.109537840971159
54729.2686929861 17.70627 0.100992016206834
54729.2751414469 17.985573 0.111286408452546
54729.2815916552 17.737706 0.102086445057103
54740.26601625 17.923159 0.112662345088839
54740.2715235762 17.895683 0.1112430550276
54740.2769740857 17.889789 0.111165203485263
54740.2824271298 17.860246 0.109786861952679
54748.1552370717 17.835924 0.105153698455433
54748.1617771066 17.67519 0.0994688002642513
54748.1683427082 18.013639 0.111695786014406
54748.1749818055 17.900434 0.107071575683298
54766.1893465044 17.902005 0.10684722593748
54766.1978904512 17.719465 0.100516396519572
54766.2063712035 17.740603 0.101398515809722
54766.214890949 17.7771 0.102646571371446
54776.1320745023 18.008789 0.110635256174602
54776.1392635186 18.053311 0.112275364014238
54776.146575104 17.877674 0.105451004918791
54776.1538069444 17.914413 0.106769058016132
55072.3294147222 18.0172 0.138689204250327
55072.337071146 18.018166 0.138959820885188
55072.3447283797 17.761964 0.125037065669635
55072.352436979 17.992017 0.137174775958128
55084.3123968636 17.87814 0.129590529065228
55084.3181105323 18.174954 0.146163366637305
55084.3240495717 17.962544 0.131136018048374
55084.3299325115 17.555761 0.114361312982697
55124.1534721875 17.939525 0.112589234043601
55124.1621549307 17.998583 0.114939228562945
55124.1707414812 18.003363 0.114877494147517
55124.1793450578 17.936861 0.111754047480493
55151.1345715858 17.934355 0.111022229074932
55151.1404193286 18.082353 0.1173486274303
55151.146253889 17.827955 0.106983916258637
55151.1520245485 18.022615 0.114764353017092
55450.3390334142 17.966441 0.109482837113304
55450.3523964929 17.926046 0.107860146330452
55450.3590803123 17.922226 0.107890414957106
55476.2253634026 17.89077 0.110948471486872
55476.2380406368 17.875037 0.110352616041812
55476.2443682868 17.987861 0.114903365810171
55502.2209592131 17.870066 0.109305720552968
55502.2358154166 17.990919 0.114269753902386
55502.243334109 17.856024 0.108840040570925
55510.1313966783 17.876146 0.109244830611592
55510.1473621065 17.856814 0.108281223372184
55510.1554112383 17.907564 0.110260768445221
55530.1273583449 17.693313 0.102172507573596
55530.1365971295 17.791513 0.105739716463184
55530.1411691089 17.840548 0.107486441493893
55822.3632841436 17.879964 0.10795713790363
55822.3700573146 17.884526 0.108066720196859
55822.3768456481 17.757877 0.103596044199162
55822.3837028239 17.708167 0.101964413676744
55833.2946269098 17.861656 0.109067810145899
55833.2980501042 17.834261 0.108089612393503
55833.301522396 17.83253 0.107890414957106
55833.3049664581 17.777228 0.10743289082081
55849.2565654167 17.799588 0.10527677195053
55849.2633418287 17.679913 0.101245175100722
55849.2701832522 17.920414 0.109796675848526
55849.2770027085 18.132323 0.118930032106482
55857.2597329396 17.929481 0.100299842618067
55857.2679759724 17.740006 0.0944526016474974
55857.2762604862 17.723804 0.094024393506099
55857.2845572106 17.879521 0.0989357129531753
55864.1493344791 17.912496 0.10974600215152
55864.1550435531 17.934439 0.110528895089993
55864.1607404859 18.129233 0.118819851559925
55864.1664537271 17.781369 0.104736643272278
55882.1476311688 17.975997 0.112041974506422
55882.1532459143 17.882914 0.108440251616322
55882.1588774654 17.938431 0.110672502467924
55882.1645694212 17.759483 0.104031032430604
55930.0643645716 17.935636 0.110917659018262
55930.0695114699 17.895841 0.109750898599362
55930.0746758794 18.024884 0.115065120470218
55930.0798429167 17.968488 0.112864459080465
56165.2779665277 17.977181 0.121591816193645
56165.2839878937 18.150943 0.133374636766994
56165.3027155441 18.065775 0.123744834613519
56165.3192555211 17.944571 0.11567476294273
56185.2722284262 17.875406 0.100558002466814
56185.2776343635 17.935912 0.102552619683899
56185.283145822 17.846652 0.0994792078591786
56185.2886408794 17.970803 0.103585968353555
56205.2820078936 17.956824 0.113239709832415
56205.288701273 18.015731 0.115867971459703
56205.2954196874 17.790977 0.107018939958614
56205.3021505787 17.869228 0.109960850426932
56214.1942179743 17.837399 0.108821151283912
56214.2026194562 18.030274 0.116627049158361
56214.2111158567 18.017738 0.115940258193612
56214.2195938658 18.00636 0.115438204340616
56222.1699628127 17.980051 0.115069125602768
56222.1744362963 17.843514 0.10974600215152
56222.1789518404 17.955494 0.113998860116087
56222.1834205901 17.975755 0.114823842528008
56274.0656073381 17.760874 0.0948768188454225
56274.0703558334 17.820759 0.0966876715990819
56274.0750576042 17.910444 0.0996066016463051
56274.079804595 17.86793 0.0980963951234947
56536.3079839354 17.837891 0.113404870621895
56536.3183335648 17.82628 0.112598361756717
56536.3286294793 17.89422 0.11550936546324
56536.339047859 17.843282 0.113391696015751
56547.287765984 17.690571 0.10819979528125
56547.2944635646 17.713388 0.108882586826744
56547.3012097338 17.866097 0.115351029862594
56547.3079313887 17.664916 0.10720808390961
56558.2603168865 17.487772 0.0979586947716597
56558.2696726043 17.943565 0.114703020617014
56558.2789398842 17.696305 0.104532238219456
56558.2882595947 18.021093 0.117648255379419
56564.3371674423 17.813777 0.10680521557142
56564.3416313194 17.563121 0.0981724321020815
56564.3460875927 17.951522 0.112169182830902
56564.3505813312 17.911497 0.110760758322814
