53710.0775856711 18.671835 0.149263452285709
53710.0839673611 19.022959 0.174517921870865
53710.0903250808 18.572066 0.142936074691651
53710.0967295719 19.055588 0.176909911429881
53677.1979412036 18.763075 0.158992512608495
53677.2038750579 18.774113 0.159795454640558
53677.2098367014 18.716146 0.155595274673869
53677.2157873497 18.740957 0.15714844089048
53644.2702629976 19.067126 0.186986248698886
53644.2774766665 18.652581 0.154593729184298
53644.2846357059 18.947218 0.176422665785595
53644.2917960184 18.766332 0.162374279868082
53654.2428304863 18.889409 0.113941166583356
53654.24921669 19.10853 0.12373131634497
53654.25563772 18.89479 0.114099157214856
53654.2620287848 18.849887 0.112206924419247
53667.1715014121 18.709207 0.153346049324895
53667.1782391318 18.96576 0.171977060384439
53667.18489919 18.936658 0.169367844340261
53667.1913950001 18.886011 0.165596075209975
53636.347486007 18.723687 0.160792436631765
53636.3552216897 18.602307 0.152228421738819
53636.362950197 19.265797 0.20684940537327
53636.362950197 19.838197 0.277050911962913
53636.3706918983 18.802456 0.166733919929038
54093.0868042475 18.754846 0.149158620741603
54093.0943543981 19.410952 0.201742558132721
54093.1018631021 18.771377 0.150857222431929
54093.1093802545 19.371966 0.198724966203948
54010.2668661573 18.958262 0.16429798520975
54010.2741763657 19.36692 0.199107136576733
54010.2814692012 19.518312 0.214659243796112
54010.2887704861 20.623143 0.38542090996654
54027.1759626041 19.164147 0.177694959928913
54027.1858693403 19.190878 0.179646799737092
54027.1958079166 19.145285 0.175607531068879
54027.2057581828 19.092419 0.171229099865333
53992.3512727893 18.803196 0.153786641570338
53992.357658403 18.975014 0.165763843758658
53992.3635677197 19.054303 0.172104324546333
53992.3721690741 19.028571 0.171220152458958
53993.4090414699 18.986426 0.163903828580253
53993.410635185 18.848224 0.157141801263985
53993.4122212618 19.345919 0.197291193075772
53993.4138050233 19.023147 0.170158278958291
54439.161664479 18.88027 0.159054842860186
54439.1637517363 18.927913 0.162025460181673
54439.1658590161 19.556775 0.218315608333611
54439.1679836689 18.662782 0.144362222177094
54406.1485359608 19.114522 0.176472178259101
54406.1556723146 18.846711 0.1560788399225
54406.1628031135 19.042338 0.170377649976679
54406.1699579745 19.228758 0.185609558508167
54415.1470201272 19.164258 0.180494893769831
54415.1535824882 18.813996 0.153786641570338
54415.1601685765 19.334979 0.195597337528763
54415.1667713425 18.995501 0.166774765905397
54377.2263331018 18.859331 0.158027115315799
54377.2344811922 19.337923 0.197391467750247
54377.2426321758 19.154246 0.180837898520562
54377.250756192 19.003936 0.16875977859125
54388.2528223493 19.334302 0.195125915630569
54388.2614294905 18.750601 0.149797270197991
54388.2700299188 18.780401 0.151768338181709
54388.2786360183 19.236438 0.186567320814902
54346.2824083795 19.13933 0.182686147210401
54346.2895949539 19.725954 0.243625093459719
54346.2967690392 18.71498 0.150061144317288
54346.3039683565 18.982858 0.16835289815712
54355.2326421295 19.02246 0.176234941823243
54355.2391483565 19.008888 0.172930153708151
54355.2456453242 19.16506 0.207233789508171
54355.252139051 18.703832 0.152406713714422
54776.1320745023 19.147096 0.17587130060767
54776.1392635186 18.822018 0.151692146490222
54776.146575104 18.611081 0.138558836063613
54776.1538069444 18.77972 0.148763746869532
54740.26601625 19.133566 0.18624625309083
54740.2715235762 18.87579 0.164718934785093
54740.2769740857 18.328496 0.130602842256313
54740.2824271298 19.277253 0.198666386736808
54748.1552370717 18.854631 0.15602701012239
54748.1617771066 19.157097 0.178574248156328
54748.1683427082 18.709546 0.146101989093148
54748.1749818055 18.958041 0.162478693559847
54766.1893465044 19.006612 0.165516390377297
54766.1978904512 19.150172 0.176979890097647
54766.2063712035 18.90411 0.158620334473191
54766.214890949 19.077007 0.171516158133497
54715.2814590279 19.078128 0.174785783669305
54715.2888600924 19.359141 0.198930456409679
54715.2962722685 18.98055 0.166343545179155
54715.3036769214 19.065772 0.17281003040711
54729.2622874538 19.903969 0.261110115374574
54729.2686929861 18.883277 0.158716532050037
54729.2751414469 19.22578 0.185879863586271
54729.2815916552 18.978013 0.165675892731234
55072.3294147222 18.597107 0.177928698590237
55072.337071146 19.149973 0.233369510777214
55072.3447283797 18.762671 0.192254374610807
55072.352436979 18.994524 0.21529940881927
55151.1345715858 18.991662 0.170184556763033
55151.1404193286 19.37196 0.204045201339367
55151.146253889 18.888062 0.162493634087118
55151.1520245485 19.381822 0.205009573266698
55124.1534721875 18.649132 0.148351024890643
55124.1621549307 18.56239 0.14281368827545
55124.1707414812 19.15957 0.186163316575634
55124.1793450578 18.624468 0.145675002480239
55084.3181105323 19.023361 0.214978575538085
55502.2209592131 19.108273 0.181356505420522
55502.2358154166 19.385126 0.207368031597991
55502.243334109 19.016731 0.17395801450717
55510.1313966783 19.015453 0.173078379895521
55510.1473621065 18.969721 0.169041469122376
55510.1554112383 18.936571 0.166538340775984
55530.1273583449 18.69852 0.149473931924434
55530.1365971295 19.00432 0.171525152946507
55530.1411691089 19.341555 0.200993334159844
55476.2253634026 18.789577 0.158312517800346
55476.2380406368 19.063044 0.17937402616399
55476.2443682868 18.679968 0.150817058847978
55450.3390334142 19.020748 0.166946699098049
55450.3523964929 18.776253 0.149663168200624
55450.3590803123 18.757833 0.148774668352886
55822.3632841436 19.179871 0.183639831569045
55822.3700573146 18.525133 0.137288130002635
55822.3768456481 18.996984 0.168904687277279
55822.3837028239 18.793974 0.154399892505388
55857.2597329396 18.791088 0.137389637205664
55857.2679759724 20.031813 0.245391641124316
55857.2762604862 19.061011 0.154325096454722
55857.2845572106 19.150028 0.160907768751382
55864.1493344791 18.751303 0.152133639408661
55864.1550435531 19.274246 0.193156115311535
55864.1607404859 19.08954 0.177170301710809
55864.1664537271 18.980176 0.16827698572433
55833.2946269098 19.133563 0.183730449236231
55833.2980501042 18.958468 0.169531845713419
55833.301522396 19.750437 0.249074385667286
55833.3049664581 19.353535 0.208400748558614
55849.2565654167 18.672095 0.146637051395428
55849.2633418287 18.93412 0.164860077439291
55849.2701832522 19.028521 0.171732526756084
55849.2770027085 18.39043 0.130737026292529
55882.1476311688 19.094404 0.177110094458646
55882.1532459143 19.136421 0.18075194499798
55882.1588774654 18.755738 0.152269953392091
55882.1645694212 18.96559 0.167317185637639
55930.0695114699 18.687048 0.149032066262334
55930.0746758794 20.487291 0.367540032932263
55930.0798429167 19.198095 0.18839718872764
56165.2779665277 18.645388 0.159444602846998
56165.3027155441 19.022682 0.185915215515683
56165.3192555211 19.397978 0.217042798886863
56185.2722284262 18.886013 0.146761549175473
56185.2776343635 19.151319 0.164828682640949
56185.283145822 18.955959 0.150983708183298
56185.2886408794 18.88711 0.146414960283022
56205.2820078936 18.816931 0.159570601214623
56205.288701273 20.044838 0.2930340820135
56205.2954196874 18.951884 0.170167038437812
56205.3021505787 19.296135 0.200058040734824
56214.1942179743 19.102006 0.182541736180927
56214.2026194562 19.006181 0.174403546447234
56214.2195938658 18.565867 0.14325801218637
56222.1699628127 19.324058 0.204204922534997
56222.1744362963 19.396021 0.212193473259837
56222.1789518404 19.100901 0.183391415821435
56222.1834205901 19.324062 0.204077115503023
56274.0656073381 18.828881 0.139258091427277
56274.0703558334 18.749366 0.134782550354247
56274.0750576042 18.996651 0.149735748037955
56274.079804595 18.909837 0.143987435217895
56536.3079839354 19.024898 0.185785697874596
56536.3183335648 19.060287 0.188200486759185
56536.3286294793 19.331027 0.214865693366389
56536.339047859 19.127489 0.194562321572981
56547.287765984 19.474578 0.233539890288332
56547.2944635646 19.317895 0.21533724379689
56547.3012097338 19.760104 0.270973759129243
56547.3079313887 19.107023 0.194644465605632
56558.2603168865 19.915379 0.27982369122259
56558.2696726043 18.844572 0.165096257963041
56558.2789398842 19.119212 0.186258116207323
56558.2882595947 18.5544 0.14477025857254
56564.3371674423 20.333884 0.338203965968797
56564.3416313194 19.340028 0.201604269361122
56564.3460875927 19.858729 0.262141897101281
56564.3505813312 19.261404 0.194644465605632
56574.2570773382 18.780356 0.155167758791744
56574.2655527894 19.183653 0.186770414528528
56574.2740245485 19.101651 0.179868132343523
56574.2825462846 19.505686 0.218335368673836
56590.1537735416 18.658316 0.151336439800573
56590.1618979285 19.38225 0.211887013454529
56590.1700511342 19.394317 0.212410652281119
56590.1782147568 19.188363 0.192372930143301
