53636.347486007 18.92688 0.177674688806909
53636.3552216897 18.9365 0.178255612327771
53636.362950197 18.96689 0.180559038959444
53636.3706918983 18.915049 0.176840025765797
53644.2702629976 18.876119 0.172259284005895
53644.2774766665 19.029374 0.184875756675088
53644.2846357059 19.108311 0.191743353159794
53644.2917960184 19.251025 0.20538314112719
53654.2428304863 18.712402 0.107537131124237
53654.24921669 18.736223 0.108412384848856
53654.25563772 18.808383 0.111201502174375
53654.2620287848 19.24248 0.131170048775433
53667.1715014121 18.9922 0.175413005143811
53667.1782391318 18.389153 0.134737216526606
53667.18489919 18.987451 0.174613427819728
53667.1913950001 18.794904 0.160063925068334
53677.1979412036 19.017468 0.179836458465187
53677.2038750579 19.051906 0.182786350455414
53677.2098367014 18.694239 0.155161411067408
53677.2157873497 18.69635 0.155142365562922
53710.0775856711 19.150728 0.186770414528528
53710.0839673611 18.460852 0.137328698844831
53710.0903250808 19.366459 0.207099833924342
53710.0967295719 19.054581 0.178112341257575
53992.3512727893 18.962689 0.166262612660269
53992.357658403 18.886707 0.160426732655915
53992.3635677197 19.234296 0.188594560787934
53992.3721690741 18.942364 0.165787862768859
53993.4090414699 19.006519 0.166570879972172
53993.410635185 19.099417 0.177381555181753
53993.4122212618 19.288012 0.193303282496286
53993.4138050233 18.77814 0.153541313267061
54010.2668661573 18.996955 0.168378233494207
54010.2741763657 19.493813 0.213507175678535
54010.2814692012 18.541705 0.138303639579377
54010.2887704861 19.057036 0.173180535164779
54027.1759626041 18.89784 0.158531198229906
54027.1858693403 18.820071 0.152964216137343
54027.1958079166 18.971778 0.163375737083748
54027.2057581828 18.956512 0.162121685515752
54093.0943543981 18.560045 0.138274470282483
54093.1018631021 18.87787 0.159172805980937
54093.1093802545 18.937459 0.163368128804667
54346.2824083795 18.659123 0.148162347425518
54346.2895949539 18.665447 0.148415912898266
54346.2967690392 18.988573 0.170704099864843
54346.3039683565 18.629751 0.145067884026671
54355.2326421295 18.759053 0.157488465750458
54355.2391483565 19.444381 0.214603048807986
54355.2456453242 19.020453 0.194630769842644
54355.252139051 19.251225 0.197491916142108
54377.2263331018 19.084324 0.176254671495455
54377.2344811922 19.221616 0.188077893190643
54377.2426321758 19.095039 0.177190380067991
54377.250756192 19.506429 0.216079418999689
54388.2528223493 19.387695 0.201742558132721
54388.2614294905 18.892694 0.160548307414435
54388.2700299188 19.129894 0.178946677577529
54388.2786360183 18.817831 0.155155056458208
54406.1485359608 19.232415 0.187882291629807
54406.1556723146 18.870804 0.158840517945686
54406.1628031135 19.002231 0.168471224843692
54406.1699579745 18.900651 0.16073488325468
54415.1470201272 19.051551 0.172524734630618
54415.1535824882 18.902489 0.161030633947568
54415.1601685765 18.698772 0.147363496424015
54415.1667713425 18.775494 0.152264018878825
54439.161664479 19.045463 0.172607400457728
54439.1637517363 18.991206 0.167899162847779
54439.1658590161 18.896068 0.160835651157394
54439.1679836689 19.277875 0.192044183739788
54715.2814590279 19.480321 0.213544037313358
54715.2888600924 18.721534 0.14950170631916
54715.2962722685 18.955743 0.165643947861699
54715.3036769214 18.896365 0.161146565240135
54729.2622874538 19.124262 0.178770481666422
54729.2686929861 19.04157 0.171687372649242
54729.2815916552 19.584706 0.223056928998482
54740.26601625 18.757559 0.15785808941217
54740.2715235762 19.037583 0.178698104636709
54740.2769740857 19.207989 0.194071789152395
54740.2824271298 18.677046 0.151774210856915
54748.1552370717 19.259624 0.189253250146847
54748.1617771066 18.58149 0.139390951929062
54748.1683427082 19.272139 0.189805867678522
54748.1749818055 18.483534 0.133483745858157
54766.1893465044 18.892005 0.158319342018221
54766.1978904512 18.933165 0.161423083220013
54766.2063712035 18.967403 0.164313505662656
54766.214890949 18.8726 0.157508551625267
54776.1320745023 19.132789 0.17595952315312
54776.1392635186 18.693211 0.144474865999249
54776.146575104 18.714174 0.145659834699875
54776.1538069444 19.256713 0.185927009144613
55072.3294147222 19.0859 0.227278389810175
55072.337071146 18.896166 0.207183525075111
55072.3447283797 18.716764 0.189478679588102
55072.352436979 18.746717 0.192241211227902
55084.3123968636 18.98174 0.212847127203182
55084.3181105323 18.514554 0.169870182072259
55084.3240495717 19.320544 0.245647197499017
55084.3299325115 18.895361 0.203647641600118
55124.1534721875 18.936825 0.169739778379252
55124.1621549307 18.832883 0.161745330862302
55124.1707414812 18.779963 0.157535335924519
55124.1793450578 18.929961 0.167832299751273
55151.1345715858 19.270755 0.195444410273911
55151.1404193286 19.014353 0.173441502731135
55151.146253889 19.199755 0.189066061921393
55151.1520245485 18.792615 0.156890162003807
55450.3390334142 18.855541 0.156124249993378
55450.3523964929 18.801446 0.152335310011814
55450.3590803123 18.931126 0.16165722408454
55476.2253634026 18.52277 0.142004502181728
55476.2380406368 18.495637 0.140431484808695
55476.2443682868 18.688261 0.152388847892746
55502.2209592131 18.742066 0.154650158980798
55502.2358154166 18.594719 0.145232541984153
55502.243334109 18.383824 0.133020587128214
55510.1313966783 18.745946 0.154387420071923
55510.1473621065 18.712814 0.151785944277623
55510.1554112383 18.815464 0.158819827206644
55530.1273583449 18.523513 0.139688392527355
55530.1365971295 18.585813 0.143558683977048
55530.1411691089 18.744248 0.15356577723383
55822.3632841436 19.383464 0.203997364819126
55822.3700573146 18.713726 0.149668745723563
55822.3768456481 18.849677 0.159158915006993
55822.3837028239 18.834967 0.158305703002248
55833.2946269098 18.864356 0.163451905941701
55833.2980501042 18.593961 0.145307612606978
55833.301522396 19.00313 0.173995779223748
55833.3049664581 19.094928 0.185328877072678
55849.2565654167 18.850988 0.15963373170269
55849.2633418287 18.951913 0.167375072564942
55849.2701832522 19.287014 0.195375028342761
55849.2770027085 18.639623 0.145898088853852
55857.2597329396 18.788581 0.13812896049733
55857.2679759724 18.721006 0.134410264268254
55857.2762604862 18.764804 0.136933066225512
55857.2845572106 18.820221 0.140435898705427
55864.1493344791 18.678596 0.148415912898266
55864.1550435531 18.787939 0.155512000626593
55864.1607404859 18.477933 0.136363435232451
55864.1664537271 19.075069 0.177039942551727
55882.1476311688 18.789897 0.155390568194234
55882.1532459143 19.049714 0.174862576225731
55882.1588774654 18.777531 0.154775835275481
55882.1645694212 18.594483 0.143139342061288
55930.0643645716 18.776036 0.155288573061384
55930.0695114699 18.877341 0.16318585318452
55930.0746758794 18.840684 0.160619974914915
55930.0798429167 18.752288 0.154706669913842
56165.2779665277 18.726681 0.166538340775984
56165.2839878937 18.821743 0.178874055149745
56165.3027155441 18.435875 0.143823088240584
56165.3192555211 18.962971 0.177321112378996
56185.2722284262 18.763906 0.140286077928279
56185.2776343635 18.837512 0.144617363190003
56185.283145822 18.801052 0.142244548604563
56185.2886408794 19.071003 0.159739141340893
56205.2820078936 18.920024 0.168336021947888
56205.288701273 18.496631 0.140097450523652
56205.2954196874 19.249677 0.197205363407961
56205.3021505787 18.660928 0.15041750303899
56214.1942179743 18.754099 0.156850561676464
56214.2026194562 18.761074 0.157188307859014
56214.2111158567 18.330738 0.130865000990227
56214.2195938658 18.62036 0.147596201860644
56222.1699628127 18.875251 0.166481443765973
56222.1744362963 18.995814 0.176432562161773
56222.1789518404 18.903194 0.168538966142473
56222.1834205901 19.112355 0.18569168958785
56274.0656073381 18.778574 0.137259760751486
56274.0703558334 18.800859 0.138558836063613
56274.0750576042 18.983544 0.149892518653999
56274.079804595 18.96283 0.148259275228736
56536.3079839354 18.750791 0.16483652936122
56536.3183335648 18.66308 0.157912111634366
56536.3286294793 18.80862 0.168734245866503
56536.339047859 19.102282 0.193666075303838
56547.287765984 18.774371 0.167832299751273
56547.2944635646 18.813288 0.17045686243548
56547.3012097338 18.843297 0.173366801308145
56547.3079313887 19.066316 0.192307033872959
56558.2603168865 18.636672 0.15148185890861
56558.2696726043 18.860965 0.167507640356231
56558.2789398842 19.699005 0.250239364526232
56558.2882595947 18.822593 0.163934626460592
56564.3371674423 19.271277 0.196537225378727
56564.3416313194 18.750321 0.154499832029234
56564.3460875927 19.130322 0.183787157259424
56564.3505813312 18.425997 0.134975878506143
