53636.347486007 18.39958 0.140675082481194
53636.3552216897 18.6557 0.156909979464166
53636.362950197 19.54469 0.23975489691142
53636.3706918983 18.885949 0.174470235094457
53644.2702629976 19.031719 0.185235630293794
53644.2774766665 19.187974 0.19947684864807
53644.2846357059 18.851411 0.170009660718947
53644.2917960184 18.867725 0.171220152458958
53654.2428304863 19.157802 0.12694604683479
53654.24921669 19.083823 0.12328852392646
53654.25563772 19.243783 0.131292843057285
53654.2620287848 18.85038 0.112860771249752
53667.1715014121 19.3344 0.206516997243269
53667.1782391318 19.181753 0.191717264969261
53667.18489919 18.938251 0.170704099864843
53667.1913950001 19.052304 0.180047979083696
53677.1979412036 18.635768 0.151359667432598
53677.2038750579 19.006906 0.178967445881339
53677.2098367014 18.839939 0.165588102675217
53677.2157873497 18.90025 0.170009660718947
53710.0775856711 18.905728 0.166693108393614
53710.0839673611 18.651652 0.148851166936803
53710.0903250808 19.556059 0.227592728072208
53710.0967295719 18.979581 0.172031559848535
53992.3512727893 19.342989 0.198739626382419
53992.357658403 18.964707 0.16615760408847
53992.3635677197 18.685396 0.14708495778189
53992.3721690741 19.010364 0.171005971725658
53993.4090414699 19.079419 0.172213657167947
53993.410635185 18.843217 0.157878342173662
53993.4122212618 18.988612 0.168041554419233
53993.4138050233 19.30114 0.195319585325944
54010.2668661573 18.936455 0.16382692642636
54010.2741763657 19.074213 0.174613427819728
54010.2814692012 19.078105 0.175083977088096
54010.2887704861 18.839036 0.156936405726037
54027.1759626041 18.98674 0.164978021461569
54027.1858693403 18.778571 0.150224803623346
54027.1958079166 18.898178 0.15809490460875
54027.2057581828 18.787112 0.150457284219835
54093.0868042475 19.131439 0.17787779907814
54093.0943543981 19.210145 0.184598723288886
54093.1018631021 19.09317 0.175529634539912
54093.1093802545 18.823159 0.155269472025897
54346.2824083795 19.112723 0.181737799039024
54346.2895949539 18.871847 0.162516040214891
54346.2967690392 19.026973 0.173750783846808
54346.3039683565 18.951551 0.167152175946186
54355.2326421295 18.628253 0.148736465832604
54355.2391483565 18.965481 0.170721807686723
54355.2456453242 18.476553 0.151651170500689
54355.252139051 19.209025 0.193518007139308
54377.2263331018 18.919224 0.163444285332753
54377.2344811922 19.040016 0.172754688594419
54377.2426321758 19.162339 0.182853249730494
54377.250756192 19.162229 0.182909063558525
54388.2528223493 19.410995 0.204045201339367
54388.2614294905 19.076194 0.174508383278426
54388.2700299188 18.818594 0.155371422612963
54388.2786360183 19.100031 0.176274408611214
54406.1485359608 18.858515 0.158210378708747
54406.1556723146 19.077004 0.174413071382717
54406.1628031135 18.915331 0.161981119042813
54406.1699579745 19.135351 0.178925917344578
54415.1470201272 19.080951 0.174891399963223
54415.1535824882 19.352889 0.198651743993548
54415.1601685765 19.144772 0.180026788317942
54415.1667713425 18.692194 0.1468812238758
54439.161664479 18.982063 0.167673861428408
54439.1637517363 18.500906 0.135752152150947
54439.1658590161 19.173068 0.182630559055697
54439.1679836689 19.108375 0.177270794211723
54715.2814590279 18.382121 0.130213411536266
54715.2888600924 18.826334 0.156515368849733
54715.2962722685 18.779243 0.153133497075457
54715.3036769214 18.957965 0.165683879877215
54729.2622874538 18.668162 0.145786389327678
54729.2686929861 18.65557 0.144725812830361
54729.2751414469 18.342873 0.127368057612776
54729.2815916552 18.311606 0.125781690596731
54740.26601625 18.867359 0.165819898805795
54740.2715235762 18.669483 0.151365483462666
54740.2769740857 18.988089 0.174949095638018
54740.2824271298 18.941546 0.170819304865845
54748.1552370717 18.404724 0.129946436265252
54748.1617771066 18.44569 0.13183015662733
54748.1683427082 18.594639 0.140088702462413
54748.1749818055 18.582034 0.139006532105702
54766.1893465044 18.512805 0.134669320309489
54766.1978904512 18.599865 0.139740362325404
54766.2063712035 18.655703 0.143372279568878
54766.214890949 18.6438 0.142658910841868
54776.1320745023 18.469789 0.131899661454986
54776.1392635186 18.178911 0.117593340353224
54776.146575104 18.846274 0.154225566388154
54776.1538069444 18.761113 0.148567728825879
55072.3294147222 18.8155 0.198842301445683
55072.337071146 18.769466 0.194809100719915
55072.3447283797 18.890964 0.206136827779876
55072.352436979 18.754917 0.192995979934494
55084.3181105323 18.455754 0.165389171669525
55084.3240495717 18.530044 0.167292399441929
55084.3299325115 18.646561 0.180784160785479
55124.1534721875 18.375525 0.133164659312407
55124.1621549307 19.143683 0.18668669858302
55124.1707414812 18.857063 0.16305717309488
55124.1793450578 18.564261 0.142940794285293
55151.1345715858 18.934155 0.166954899516944
55151.1404193286 18.808753 0.158033888008463
55151.146253889 19.120255 0.182088758829569
55151.1520245485 18.622115 0.145690169880439
55450.3390334142 19.004041 0.166848377565964
55450.3523964929 18.672646 0.144123307412864
55450.3590803123 18.735326 0.148329416260385
55476.2253634026 19.01837 0.176909911429881
55476.2380406368 18.740437 0.156020528751545
55476.2443682868 18.874161 0.165516390377297
55502.2209592131 19.232166 0.19377399402194
55502.2358154166 18.763719 0.156273764559806
55502.243334109 18.789724 0.158074553734781
55510.1313966783 18.743546 0.154225566388154
55510.1473621065 18.885614 0.163865361848769
55510.1554112383 18.566664 0.142588760993559
55530.1273583449 18.393913 0.132436108381727
55530.1365971295 18.391913 0.132471464552922
55530.1411691089 18.576848 0.14289837905963
55822.3632841436 18.586964 0.141889630846304
55822.3700573146 18.602126 0.142696373001392
55822.3768456481 18.582977 0.141802563599304
55822.3837028239 18.810767 0.156613692222407
55833.2946269098 18.570656 0.143755613605978
55833.2980501042 18.839561 0.161782093016065
55833.301522396 18.63213 0.147469105262544
55833.3049664581 18.807728 0.162344498115091
55849.2565654167 18.556688 0.140564160802031
55849.2633418287 18.289413 0.126317408209808
55849.2701832522 18.923814 0.16489150261016
55849.2770027085 18.792923 0.155936444766969
55857.2597329396 18.838081 0.14100981810399
55857.2679759724 18.547206 0.125380081072186
55857.2762604862 18.676304 0.132067055109632
55857.2845572106 18.590621 0.127881875345525
55864.1493344791 18.808596 0.157082072632411
55864.1550435531 19.023239 0.17290240437392
55864.1607404859 18.667133 0.14766520806894
55864.1664537271 18.769669 0.154219354813462
55882.1476311688 18.427097 0.13325501005926
55882.1532459143 18.598914 0.143191510982138
55882.1588774654 18.969931 0.168700231324295
55882.1645694212 18.880783 0.162158746951326
55930.0643645716 18.418036 0.133432784727567
55930.0695114699 18.807441 0.158169589730468
55930.0746758794 18.555684 0.141930945904267
55930.0798429167 18.122988 0.119531955963998
56165.2779665277 18.209981 0.133312962024134
56165.2839878937 18.768943 0.174537010074144
56165.3027155441 18.588075 0.153571902898692
56165.3192555211 18.555471 0.147750310250911
56185.2722284262 18.610006 0.131684658443165
56185.2776343635 18.898912 0.148470067257236
56185.283145822 18.641052 0.133128584951077
56185.2886408794 18.552003 0.128322612707258
56205.2820078936 18.993524 0.174109251509694
56205.288701273 18.696331 0.152579777764448
56205.2954196874 18.845777 0.163314886981812
56205.3021505787 18.431228 0.136494088891132
56214.1942179743 18.494499 0.14027288504195
56214.2026194562 18.824974 0.161730637760489
56214.2111158567 18.668138 0.150696784850238
56214.2195938658 18.49006 0.139675408736943
56222.1699628127 18.589051 0.146735580560055
56222.1744362963 18.717414 0.155544012172722
56222.1789518404 18.516994 0.142258439864615
56222.1834205901 18.580955 0.146137782751102
56274.0656073381 18.851774 0.141510722658963
56274.0703558334 18.963159 0.14841050275884
56274.0750576042 18.766544 0.136752838340404
56274.079804595 18.81833 0.139459710954834
56536.3079839354 18.683791 0.159950695403671
56536.3183335648 18.79258 0.167375072564942
56536.3286294793 18.87342 0.173826042133762
56536.339047859 18.745982 0.164042563045169
56547.287765984 18.731171 0.164578200196248
56547.2944635646 18.728988 0.164050290344516
56547.3012097338 18.800097 0.16995730840226
56547.3079313887 18.687416 0.161328296119598
56558.2603168865 18.693072 0.155269472025897
56558.2696726043 18.827565 0.164993775153454
56558.2789398842 18.738905 0.15756214455686
56558.2882595947 18.636493 0.150972196255084
56564.3371674423 18.487077 0.138120665102685
56564.3416313194 18.881021 0.163742480423214
56564.3460875927 18.939022 0.168184356452332
56564.3505813312 19.002897 0.173581854098168
