53644.2702629976 18.108119 0.124229993558983
53644.2774766665 18.136574 0.125537245763872
53644.2846357059 18.264611 0.131983255603187
53644.2917960184 18.138825 0.125491444753734
53654.2428304863 18.338902 0.0950383971340055
53654.24921669 18.215423 0.0915031588761513
53654.25563772 18.130083 0.0892121360854322
53654.2620287848 18.29758 0.0937567474066332
53667.1715014121 18.2144 0.125669297454731
53667.1782391318 18.475453 0.139627848961855
53667.18489919 18.320851 0.130827902757463
53667.1913950001 18.030504 0.11694045006391
53677.1979412036 18.131668 0.123028535097787
53677.2038750579 18.595606 0.148774668352886
53677.2098367014 18.392039 0.136406933715004
53677.2157873497 18.46225 0.140308072789376
53710.0775856711 18.171728 0.12241919033325
53710.0839673611 18.220352 0.124672682606278
53710.0903250808 18.394359 0.13362610281993
53710.0967295719 17.983381 0.113843370943765
53992.3512727893 18.254289 0.123365886258814
53992.357658403 18.316007 0.126206025346184
53992.3635677197 18.401296 0.130713506996506
53992.3721690741 18.076964 0.115952666254536
53993.4090414699 18.003519 0.110692841334565
53993.410635185 17.998517 0.112251929612153
53993.4122212618 18.509612 0.136490123609347
53993.4138050233 18.14074 0.118390065728975
54010.2668661573 18.196155 0.120339140804312
54010.2741763657 18.193713 0.120310184980272
54010.2814692012 18.267905 0.123888496162428
54010.2887704861 17.923136 0.108903099460034
54027.1759626041 18.28314 0.12277598930844
54027.1858693403 18.103271 0.114570927343884
54027.1958079166 18.093978 0.11404703338684
54027.2057581828 18.018012 0.110874926860174
54093.0868042475 18.103739 0.115560308461065
54093.0943543981 18.191945 0.119461590218642
54093.1018631021 17.97517 0.110658950897382
54093.1093802545 18.211259 0.120705979312213
54346.2824083795 17.677123 0.10174091062975
54346.2895949539 18.373847 0.131416084657985
54346.2967690392 18.191873 0.121921051527113
54346.3039683565 18.180551 0.120973646166585
54355.2326421295 18.077053 0.118976067492669
54355.2391483565 18.342681 0.130559346061445
54355.2456453242 18.303853 0.140866631235183
54355.252139051 18.349825 0.132175599319115
54377.2263331018 18.412424 0.13161904016564
54377.2344811922 18.175616 0.119993534934733
54377.2426321758 18.297039 0.125741297811285
54377.250756192 18.184829 0.120438295796612
54388.2528223493 18.190795 0.119753544343841
54388.2614294905 18.198294 0.120375377307496
54388.2700299188 18.256594 0.123118484544994
54388.2786360183 18.123631 0.116938304036227
54406.1485359608 18.426415 0.131719244871141
54406.1556723146 18.497904 0.135427282192709
54406.1628031135 18.405531 0.130402567390926
54406.1699579745 18.113951 0.116375900988773
54415.1470201272 18.172251 0.119186465115263
54415.1535824882 18.378289 0.128979140013937
54415.1601685765 18.283472 0.124312517690024
54415.1667713425 18.171394 0.119031410750948
54439.161664479 18.235963 0.122458051452183
54439.1637517363 18.394906 0.130035191945895
54439.1658590161 18.472168 0.134153105332926
54439.1679836689 18.167975 0.119070673150086
54715.2814590279 18.439921 0.133291216459669
54715.2888600924 18.428134 0.132228245108844
54715.2962722685 18.237843 0.122520334072942
54715.3036769214 18.362165 0.128551532845807
54729.2622874538 18.021862 0.112877372828516
54729.2686929861 18.05737 0.11416300436903
54729.2751414469 17.958573 0.110212471748022
54729.2815916552 18.478406 0.134473915202007
54740.26601625 18.264259 0.128272653323975
54740.2715235762 18.279483 0.128658699034763
54740.2769740857 18.267489 0.128253938777308
54740.2824271298 18.303146 0.129815383544425
54748.1552370717 18.257624 0.122640066991943
54748.1617771066 18.48189 0.133783734900207
54748.1683427082 18.184339 0.118966856776104
54748.1749818055 18.067434 0.113650756481301
54766.1893465044 18.276605 0.122598367419151
54766.1978904512 18.246465 0.121296082346941
54766.2063712035 18.367503 0.127413603162745
54766.214890949 18.1091 0.115413849837265
54776.1320745023 18.084889 0.113726873943569
54776.1392635186 18.218011 0.119342357097048
54776.146575104 18.124074 0.115141338796564
54776.1538069444 18.304813 0.123251246264943
55072.3294147222 18.2651 0.154188302553055
55072.337071146 18.176766 0.148611210364538
55072.3447283797 18.558364 0.175881099013906
55072.352436979 18.427217 0.165643947861699
55084.3123968636 18.04174 0.138533652404748
55084.3181105323 18.135154 0.143712298301534
55084.3240495717 17.995044 0.132869957028304
55084.3299325115 18.246761 0.150914669906566
55124.1534721875 18.265725 0.127428799324396
55124.1621549307 18.312883 0.129707655170266
55124.1707414812 18.487563 0.138938607515169
55124.1793450578 18.502961 0.139309463238192
55151.1345715858 18.179455 0.121609450950012
55151.1404193286 18.228353 0.124079268975435
55151.146253889 18.147655 0.120216274147941
55151.1520245485 18.194115 0.12242954905618
55450.3390334142 18.450741 0.13157766028111
55450.3523964929 18.337046 0.125663545931742
55450.3590803123 18.205126 0.119637825700105
55476.2253634026 18.17477 0.12335787295669
55476.2380406368 18.222337 0.125700956670484
55476.2443682868 18.313861 0.13027302749019
55502.2209592131 18.376466 0.13251747951078
55502.2358154166 18.329219 0.13012748038745
55502.243334109 18.355824 0.13151913022692
55510.1313966783 18.325446 0.129425301798496
55510.1473621065 18.386814 0.13234787708815
55510.1554112383 18.390964 0.132588396357071
55530.1273583449 18.273513 0.126214805862818
55530.1365971295 18.105313 0.118426202399068
55530.1411691089 18.115048 0.11877406561017
55822.3632841436 18.107764 0.117255236491671
55822.3700573146 18.268526 0.124608654859089
55822.3768456481 18.532877 0.138862337940063
55822.3837028239 18.164367 0.12001978842969
55833.2946269098 18.204156 0.12386405302076
55833.2980501042 18.406061 0.134346733019364
55833.301522396 18.17453 0.122372621693506
55833.3049664581 18.294328 0.130479199631856
55849.2565654167 18.487588 0.136585435995697
55849.2633418287 18.328413 0.128278892657172
55849.2701832522 18.677014 0.147888972991812
55849.2770027085 18.262323 0.125028607317535
55857.2597329396 18.248481 0.111979495940291
55857.2679759724 18.487506 0.122502153337838
55857.2762604862 18.446604 0.120662008464531
55857.2845572106 18.092221 0.106257245255454
55864.1493344791 18.398396 0.132021636936843
55864.1550435531 18.437239 0.13401228688705
55864.1607404859 18.340733 0.128991892089643
55864.1664537271 18.422669 0.1331827106069
55882.1476311688 18.259197 0.12463647622103
55882.1532459143 18.343914 0.12895045809303
55882.1588774654 18.329531 0.128300747258876
55882.1645694212 18.236683 0.1237935509959
55930.0643645716 18.454836 0.135458091806255
55930.0695114699 18.181941 0.122020532647941
55930.0746758794 18.295084 0.12759643116105
55930.0798429167 17.987988 0.113665963486845
56165.2779665277 18.460281 0.148038830414082
56165.2839878937 19.219743 0.216733054056322
56165.3027155441 18.454775 0.144983330993007
56165.3192555211 18.418271 0.139412425788319
56185.2722284262 18.464806 0.124318025779301
56185.2776343635 18.350712 0.118920836119177
56185.283145822 18.524352 0.12704502396888
56185.2886408794 18.296403 0.116300373444847
56205.2820078936 18.560824 0.143726733357169
56205.288701273 18.229231 0.125703835700733
56205.2954196874 18.671077 0.15116837952756
56205.3021505787 18.181228 0.123502411979055
56214.1942179743 18.245099 0.126749008953167
56214.2026194562 18.440674 0.137045665265966
56214.2111158567 18.174638 0.123047034187822
56214.2195938658 18.21466 0.124961033140505
56222.1699628127 18.267551 0.128479233019584
56222.1744362963 18.284014 0.12963602608302
56222.1789518404 18.261294 0.128123229483142
56222.1834205901 18.514855 0.142092036958323
56274.0656073381 18.420374 0.119105361935405
56274.0703558334 18.416959 0.118969162000047
56274.0750576042 18.488144 0.122370037342321
56274.079804595 18.61133 0.128182294604533
56536.3079839354 18.508691 0.148135464605382
56536.3183335648 17.98318 0.119349358236679
56536.3286294793 18.34102 0.137646701283141
56536.339047859 18.244682 0.132351401101881
56547.287765984 18.301571 0.136688974567739
56547.2944635646 18.314688 0.137146495198475
56547.3012097338 18.210297 0.131781586676603
56547.3079313887 18.210316 0.131657012920798
56558.2603168865 18.364372 0.135025329967789
56558.2696726043 18.475865 0.141519806693019
56558.2789398842 18.464505 0.140001312707328
56558.2882595947 18.064793 0.119607200269801
56564.3371674423 18.377877 0.132077541862595
56564.3416313194 18.357021 0.130925787632218
56564.3460875927 18.253222 0.125692321098913
56564.3505813312 18.281297 0.127334699138356
